1277
2580
3607
2014
3583
1648
1553
2084
2126
2950
2653
3848
2263
32
4555
4493
3341
2916
40
2218
1190
3631
2738
2052
2869
99
623
4786
2852
3312
483
606
2948
3743
884
4079
211
4473
315
235
3152
1717
1866
3737
4189
2609
164
2476
122
2768
2437
1092
666
3554
1104
871
2676
4817
1807
4941
433
1335
1002
1489
2436
2645
207
3715
875
631
682
2482
2673
515
3801
4335
1829
4728
1559
3612
3626
4155
2267
2300
1956
244
1164
4132
2076
1279
1819
3399
1664
1039
677
2263
3954
3885
971
3959
3099
134
4024
4982
4316
4618
4567
4221
1937
4592
2287
4666
3843
4352
52
3837
3632
4121
810
2759
3664
208
1832
1179
2943
4834
2247
4965
4130
1184
4758
2183
1920
793
4396
834
542
4239
3273
2560
4911
2527
3760
424
1022
1451
3501
3044
3018
693
4759
2285
4805
3977
1866
46
1016
949
4125
2837
1999
1621
1827
1734
1524
30
4983
850
395
3165
1361
4845
4018
1128
2951
3964
2026
3073
3874
3149
3374
4363
2871
1409
3143
3877
4454
3588
4297
1892
482
3822
2630
2110
1397
3713
1205
2360
3815
490
55
1064
4236
4765
941
2623
264
4762
3377
1086
4623
860
3728
3017
2684
1287
2457
1969
3798
2633
2085
2516
4058
4281
1355
2687
2001
2188
3518
3419
1224
1831
3037
2501
3886
3503
687
3912
4685
3492
1376
1605
4384
3716
2109
2626
1925
355
560
3257
2382
752
2024
3431
530
1148
281
1109
1436
3731
4995
3315
4797
4124
3601
1504
3922
269
905
703
3580
88
4867
1947
4408
3490
2367
874
3995
2714
1720
4736
244
3287
1287
1731
4246
529
5
187
24
3378
3528
4220
274
4798
2641
2308
2382
2845
4232
2032
2185
2537
3709
2859
1701
826
3996
398
2500
4215
2476
2602
3579
3752
1396
4354
4984
3919
2122
4150
778
980
4250
4586
2508
1751
2591
654
1405
1257
3697
1582
2615
1771
315
4466
3889
392
407
1856
2276
4407
97
1612
2903
1344
1093
1465
271
3567
309
3146
38
3446
3027
4362
2902
1629
1176
1385
4802
1453
3839
4519
818
2171
2016
3027
746
384
332
269
4165
364
370
1786
2179
3250
285
2069
4524
2223
2482
2306
136
612
2921
4254
2861
4259
4711
4586
2915
1175
4085
47
4391
452
4074
4523
2850
4557
800
1721
238
3956
3573
911
332
764
2704
3689
245
3514
4765
3954
3355
4706
2439
1683
3179
494
2537
1796
3058
4057
3657
3128
3745
1650
810
3645
1902
2948
4173
3736
3816
1122
1939
1687
4263
3312
466
4696
4557
3860
3425
192
3861
4260
2161
501
1743
1497
1290
1708
1853
400
4135
3951
1565
4305
1167
3262
2770
1601
4473
2782
1177
2698
2611
4543
62
2235
1391
1240
1025
1922
4843
1453
4569
4981
2219
2808
3106
2504
429
2574
1254
4000
33
2648
1302
4502
2659
105
299
1928
1406
984
357
905
3023
3867
3846
2073
651
467
1420
1335
870
1263
1042
1298
1385
2649
1387
3439
3143
165
2410
1461
692
2831
2328
2884
3939
115
4738
4356
34
1312
1751
4674
4884
318
915
3357
2755
3223
1283
983
335
4794
1278
807
664
1930
3147
4819
2844
2445
109
3514
2749
4032
2240
2696
762
3656
2350
2682
1792
3747
2459
3345
725
1965
1825
2916
1506
3167
3673
3686
3106
3081
2511
4391
2955
392
4128
3343
2463
4667
2219
3820
4047
4183
1633
3092
21
3499
570
3654
3445
454
1198
2851
264
3387
3420
1627
2188
3070
1306
2705
4611
2401
2026
600
4109
2392
1381
479
1637
1307
3368
2071
4486
721
3991
366
2312
1328
2810
1596
3211
1387
1419
267
4870
1717
1496
2379
4965
2946
939
4899
493
3485
115
3932
2764
4492
191
735
4674
184
2799
1335
2774
2952
1439
665
1623
2956
1601
2984
4952
807
2294
2205
2262
4422
3833
4147
3897
2646
2895
4944
3076
4010
558
1440
2915
2705
1809
4684
1665
3422
1342
1592
3891
4937
4381
754
2485
2059
2189
2413
2638
575
4796
3869
3890
2419
1618
1262
2428
2646
4731
1613
4854
2275
2847
4056
2159
2300
2328
3153
4311
2890
4032
3861
1386
4632
4708
2971
2206
4384
2576
4336
2883
2461
512
2360
2551
1536
1369
2439
3955
4838
986
3757
1077
1453
578
3655
2546
4015
3439
1042
3536
3832
2256
395
4157
1250
1008
2698
1384
1960
2391
3077
4106
2783
4743
233
3512
1472
4168
4483
3736
2729
3296
2412
2894
4620
643
1611
3586
2976
4074
548
2351
4331
2371
2478
2538
233
2470
1907
1253
3998
375
2264
1055
3751
36
3308
4634
4871
3236
3566
201
837
1722
2198
124
2523
1829
2134
4618
1177
3654
1842
1329
2968
854
106
1564
4691
4249
1160
1210
2391
3794
245
1911
4851
1707
2790
4473
4018
170
2539
1113
4837
1435
2896
524
910
3686
3053
2981
2672
3918
1552
4857
1898
1203
3330
967
2554
589
1223
4522
1734
2965
1679
1148
525
1097
1225
3433
1164
4508
1232
4948
2261
1848
1261
2210
2226
329
4083
2913
160
479
3010
821
1238
2919
75
3991
1140
351
3243
1914
1520
3108
1595
396
1003
4458
4539
733
4314
4679
4127
503
3545
3116
1665
2697
2939
1681
2126
2122
1444
4436
2413
2543
4815
4934
3322
3465
3379
1770
1657
638
3392
1307
4141
1530
2672
4576
3848
2537
3808
3623
3325
1172
1197
1715
2793
974
236
4379
2168
1258
4594
3585
4860
1323
874
1116
4352
1287
917
315
2427
3713
571
3101
3928
3578
239
1146
1994
3603
3545
383
773
3281
2685
818
48
1317
3281
4035
4398
663
1205
1523
1435
3534
2794
4820
2132
3287
3468
493
2375
472
1804
3240
594
4160
1558
4401
3927
2917
2474
1381
3893
2449
1854
1501
2258
545
4912
813
444
4595
3240
3510
4687
2492
580
4980
1040
2492
2342
2516
3176
1455
2208
2414
4597
2976
3824
2507
1387
1787
310
2116
1287
231
282
4566
315
2839
2354
1901
5
3964
1753
3060
683
1113
3844
831
1089
3714
4277
1029
1579
961
2563
1397
1366
4294
4737
323
4136
3347
3114
31
2512
3802
4190
4275
240
3123
2573
2295
2967
853
531
3003
4875
1232
4613
880
4739
2493
4855
3411
1995
307
3199
215
4665
1487
1796
158
3620
4503
4321
3628
508
2379
4806
4856
2644
4360
565
1943
1364
474
1906
4023
3595
1006
2043
4701
658
3873
1943
4075
4772
4553
2011
4730
2081
3806
3855
3903
1938
939
3056
3677
382
2927
2926
808
2563
3291
3757
4441
609
3032
1802
1315
432
734
4251
1536
2730
3371
3049
2928
1562
1006
3681
3248
3388
2503
3101
2563
2710
229
3714
1631
2748
1787
1531
4863
2042
3448
2602
3440
3146
969
2758
1971
2573
2301
1641
4974
190
3181
952
4831
298
2959
4390
542
3188
414
4298
4053
1317
2455
124
3247
1928
569
3407
810
1731
538
2552
2370
138
1003
252
1419
1214
559
1408
4563
2883
2877
666
3755
3207
4663
2461
4200
1030
1015
3514
2857
3914
3949
3273
2639
199
159
607
4788
3893
4294
3705
4289
4110
4648
2935
4929
1120
2512
1244
1475
4533
342
362
1456
4029
3428
2058
3786
1749
942
457
1196
4881
3949
2670
1020
13
456
3783
505
3873
2687
4140
2635
1506
422
4819
2478
2229
4795
2866
4354
2079
3956
3756
851
4625
3896
1882
4631
575
96
3539
4345
3990
2193
3566
3290
3605
929
4300
350
413
4779
1723
3986
2554
3721
28
456
1492
4365
2038
2988
4255
3260
3756
4031
4429
1207
1225
4029
1038
1559
1252
4637
3766
3909
110
4180
4773
964
408
3407
4299
4300
4202
779
2810
947
4902
4834
2150
3017
715
1501
4591
4104
3790
2560
119
1750
3066
2871
71
1937
2624
3795
1156
3038
2882
4960
199
3326
1481
3142
3554
798
3726
3338
3077
2265
1317
353
1369
2692
558
1793
3540
3510
1470
1187
11
3865
474
224
2262
1913
3987
1247
4804
136
4781
3465
247
116
1433
3761
3035
3814
3691
91
4400
4136
2358
4704
440
274
578
3259
970
1304
752
2355
4203
2364
708
2414
758
4395
4825
4702
2171
1631
1707
3210
4843
481
2502
3116
2748
3800
4076
4682
2095
1290
4739
1148
1439
4398
84
3169
4124
2540
1432
485
4333
4354
1429
4091
1925
308
3582
1011
4012
4294
4705
833
1390
3129
1730
2802
2736
4184
53
43
670
4029
4809
3295
4578
813
351
4389
4608
4269
3082
2716
1364
3064
4328
2996
1645
1022
2551
523
467
122
2435
2736
2499
4240
3755
1703
2339
4233
971
4770
1433
772
484
1032
782
3523
2536
4460
4072
2151
4970
4573
3933
4321
2218
1173
4027
1551
1366
2129
1932
2375
3220
348
631
4642
1427
2664
1858
3600
1130
514
987
1876
4464
3729
4422
1651
2019
4442
152
2903
2180
2755
3379
4146
3951
818
810
1321
2696
1113
1412
1896
2961
3769
2133
628
3016
2072
3040
368
4581
865
3769
4239
682
3526
3982
330
339
460
1238
2927
12
2850
3386
1295
1442
639
1416
3010
721
144
2598
666
325
1323
2251
4976
1837
4460
4401
4838
905
4761
1007
2994
1492
627
715
3124
4916
3132
3245
4957
3230
2159
366
1860
2231
88
1807
1253
862
2377
1318
2392
2269
1966
1419
3788
293
831
241
3166
4473
991
1297
3986
931
2589
3744
2252
547
1590
1168
4652
3182
1341
3580
3820
4275
865
4940
2935
4057
4873
2993
2095
3724
78
3882
2299
2574
3077
4085
3219
4282
4112
4082
4274
4124
4808
2753
3871
3964
2144
3052
80
4233
105
2223
1356
4258
3182
1379
1130
3775
4531
2770
3267
855
4335
1116
2729
4587
3755
2704
4219
2679
4966
4751
2078
457
2702
3067
3449
3538
4765
2381
3045
769
2126
4139
4519
1911
114
1087
2388
3389
2708
4245
1728
3353
3149
1349
298
2016
4780
4438
2775
1957
1814
4396
154
2503
101
4128
381
1513
4633
3830
1943
947
3728
2852
3794
558
2251
798
2127
2221
1686
4510
169
839
1891
2944
330
208
1077
3636
4606
783
2820
1189
3202
1819
3913
2798
3928
3550
3799
3796
4171
1292
4908
1223
1241
428
2187
2962
3097
1021
1312
618
874
4652
3983
4291
4878
833
2073
2093
626
2962
4148
1958
1411
4263
4869
2625
1630
109
1557
1044
4115
1806
1693
2071
1119
1021
2559
1760
469
2991
2883
4948
2241
1453
1467
2144
3673
774
4220
2557
2496
2922
4953
4842
3031
3833
4685
227
2282
1369
1685
3607
3941
4110
1512
832
2225
2468
4332
2452
1751
3305
1454
2120
3472
862
268
1883
4062
1035
2179
992
3491
3530
1505
4446
796
3843
1998
2786
2209
1695
1644
4340
2660
3329
3952
2071
4043
1078
1324
489
764
4989
2146
1570
4020
3146
1543
4466
3515
2348
1969
907
3288
4694
3734
3070
3309
1219
123
2513
2983
2226
942
6
4348
3001
1161
2079
2848
2926
2420
2620
486
2609
2581
3023
664
821
1102
1639
1108
3621
1435
1569
779
3347
1326
3086
2166
3947
3593
2229
2847
3959
2263
3200
593
4156
2544
4388
1349
2449
1112
2754
2547
4359
4450
2218
1761
3132
1822
968
1043
1554
2140
3974
1335
4341
3179
393
2035
1641
699
3456
4590
3009
11
1343
3847
644
4376
2314
1670
154
2979
4404
1654
4789
3774
1296
355
3091
4251
1950
3933
4447
4648
423
2513
2599
3707
1724
2537
2096
2389
2384
4951
4069
2558
4439
1899
4047
1014
1302
646
206
1323
1961
3963
1470
844
379
809
2269
889
2768
2279
2304
4164
1847
4205
773
4672
323
3082
4476
4596
3345
1167
2398
1372
1795
1360
4431
613
2227
4818
3073
2491
3939
3374
1629
2497
705
2672
1926
3387
9
1412
57
1851
4970
1822
452
4399
4122
332
3088
28
1101
2010
489
3441
1977
514
4738
2850
3277
4494
3989
302
4240
2427
1104
4888
581
100
948
1127
3076
712
3974
290
52
3393
4280
1172
1757
1850
82
559
3362
3132
3138
4224
2123
3885
2371
1687
1848
1693
3249
2058
2562
1942
2306
77
316
2288
1872
4880
1582
3271
780
3540
4410
3874
4868
355
2559
3728
493
4347
2099
960
3540
1607
222
3869
1709
19
1777
2036
543
2697
2005
668
3975
4469
2273
4465
1032
3329
2419
2717
1717
934
2335
540
1381
3816
4797
354
397
1524
4149
83
4811
376
4325
3678
3422
4887
4771
4287
2891
4064
831
1504
3187
4579
1120
707
2320
495
758
3614
2974
3714
3087
2484
4262
902
3299
3964
2285
3669
4802
2704
1332
1353
2958
2349
4569
3233
2995
1953
2162
4748
1274
1790
2794
3843
685
145
875
3847
4789
1063
2403
4463
2175
2133
2764
1187
4917
1467
27
1586
1088
4420
4827
1044
1523
4580
634
925
3683
655
4696
2727
4947
578
2471
3106
61
3112
4462
4131
1138
3595
2600
1126
1929
3045
1842
2001
2022
4569
2810
2671
210
2067
2971
6
3553
1009
2404
14
4785
2269
2000
4414
702
4968
608
3092
3074
4324
2189
4136
1458
2974
2170
3022
92
2550
1853
1798
2900
420
2318
4698
2397
4113
1664
1323
788
4127
189
1576
2761
3766
1663
4333
2191
1260
2632
964
787
4240
786
930
1865
1756
107
4552
2153
2844
449
2356
2465
1495
3891
1612
2020
1489
3200
87
2432
1802
1528
424
4517
2423
4336
4303
2073
43
3699
630
4929
4225
4180
269
1242
3289
1481
4138
1582
1116
2681
592
1233
2222
2269
627
2179
1784
4852
2462
256
2110
3129
1753
3267
4907
4175
1506
1329
2983
4709
3614
1258
2587
1557
4485
4290
2585
2710
4919
4061
2170
2361
4495
2322
517
4968
3210
3910
1985
3778
748
49
2936
1708
4663
4590
3960
4818
2809
2515
4502
4034
433
4385
4009
897
3357
1141
2465
4495
4724
2597
2794
278
2843
4526
2689
2536
70
4394
657
3278
4508
263
2346
4869
1671
1290
840
1642
1623
827
4075
1631
2131
3210
2160
4373
891
1719
1387
2457
1996
1223
4567
3259
2705
67
1492
4145
2746
2490
836
4011
812
1190
3866
200
4277
4404
3071
798
618
461
4082
4398
839
2146
1099
3541
4945
3428
205
2718
3156
121
3414
910
2477
1779
3092
4120
1083
2738
1413
4286
1350
3506
2523
97
3043
2055
4842
991
1012
2020
456
1092
1977
4699
3920
1532
1013
1415
2898
3444
2399
4206
3002
1968
938
3082
2988
2039
3124
3166
4369
1243
2448
174
2017
2636
2920
1351
813
4748
1378
3333
631
2669
1829
1372
3961
1391
2905
3518
2582
3077
4153
954
1777
1863
910
1862
2200
131
2777
83
364
572
3300
2591
1440
1821
2125
4480
2988
543
4784
4556
3077
293
1224
3686
1242
4113
1770
1707
4741
2239
3103
2522
1948
3535
2572
2249
2012
4648
3551
4508
2065
4968
1567
2921
2172
4288
3040
2311
2474
4532
3274
3445
4940
4720
1070
2943
4840
2830
4597
3882
4252
1509
4980
2225
1714
4043
2735
728
860
1418
4521
1942
4485
3809
3549
672
2034
2681
437
2727
3364
4384
2860
451
2626
3347
218
106
2647
3459
3876
3929
2869
2330
1276
2891
4429
3096
132
4199
2765
790
1963
3643
3868
2395
490
2631
3261
1836
230
4173
3261
534
978
2100
3730
3632
3960
1763
3427
1212
4052
634
1046
2452
3908
1052
2770
4529
840
4658
1274
3102
2810
2321
3713
1603
1634
3523
1792
3934
577
1227
1874
1307
2032
3242
1905
540
2965
3574
1383
1148
1296
3650
1434
430
2320
713
4980
2539
941
4484
4006
439
3234
1091
169
2085
3409
432
1865
1457
4026
2151
2199
4107
2290
1370
1601
356
548
2088
3712
944
2902
3725
1309
4668
131
2421
1384
3161
2568
3346
4879
1078
4997
2662
504
2948
1715
2002
844
3178
124
756
1527
1417
4755
623
2760
2162
4977
3636
3625
4588
817
383
2219
985
169
4748
1762
784
1365
4360
2464
341
2882
2453
945
4036
2227
589
3539
653
1379
783
991
3282
4617
4614
2952
3404
3761
1471
1231
586
332
3059
3017
2555
4454
131
4750
4219
4904
4978
1974
4026
1634
3980
3953
522
159
4
2715
4223
1972
3530
2227
1889
3446
428
4471
2700
4727
2403
2590
2865
3325
1447
521
1069
3511
4469
399
4031
3469
4020
3787
119
2643
599
2156
2858
2905
3508
3545
3986
1986
419
687
338
3847
1843
1704
4448
440
206
1753
1171
1646
2405
2345
1091
2392
3790
3817
3071
4624
3433
2365
1738
4728
2218
4829
4447
1463
3337
2488
2988
1410
4214
4718
4051
3393
87
4271
2434
1831
2164
2206
2820
1957
3097
4516
3065
4268
4266
618
160
4612
3902
3182
117
62
538
4817
4270
4067
4535
4588
2671
1287
2341
476
1637
4950
1110
41
3072
4097
3455
878
2601
1932
33
2206
3027
1679
4294
332
1438
4895
2887
1812
3006
560
4922
572
3170
2786
1265
1673
136
582
4542
719
1375
2523
786
1608
3460
4512
4845
3456
2662
744
4863
1611
3269
2926
1277
1508
4452
515
3808
3730
4335
4939
2487
521
4152
1928
1484
2083
3076
1673
1540
4833
2418
4964
4888
1306
4604
1827
4809
366
3670
1861
272
1287
2003
2188
4939
309
3566
4550
900
3565
3070
4762
4356
4853
395
3865
3148
1302
4213
87
3044
1934
269
196
1044
3730
3515
2316
4967
4469
1085
1343
1552
583
3569
605
1413
4444
1217
1682
1032
3311
94
1690
3965
3683
3224
321
2557
1415
313
2849
4600
1020
4809
1777
1402
980
2636
3487
1588
912
1224
882
3803
2525
2515
2974
3726
3301
1969
4620
3488
4862
3330
1013
4110
3993
90
3372
3163
3224
1099
2973
542
4309
2061
2854
1749
4884
2469
3504
2819
444
3787
4857
2117
4215
1461
3514
4010
4763
2289
2344
1304
684
2792
2618
4283
240
1566
2853
2049
2327
4094
271
3897
3869
3099
4758
4170
4638
4089
1780
3344
4893
2953
1730
89
2616
1611
3606
4405
3643
2718
1730
4628
1111
3323
1594
1345
4695
3352
2946
4172
4071
3968
1402
1166
4674
2503
2871
2917
1966
3923
542
3824
1510
3871
4040
3076
2852
3145
4133
92
2864
2235
2358
3335
4242
103
2507
1707
1312
531
4758
88
708
3204
2738
4472
1470
4510
4539
3818
3457
1257
2315
3165
3668
2840
3558
2610
3255
1627
1147
202
1544
709
1456
1262
2457
1312
2905
3870
400
3067
380
217
1083
4573
3276
4803
3717
3284
87
549
2306
1638
262
2061
4475
4649
3290
2318
214
1590
605
2083
4061
4615
4324
2397
3025
3553
71
988
2242
973
3761
1522
2510
881
4955
4643
1357
4412
1824
793
757
2886
3220
1116
3502
2661
4622
3654
1531
3708
3311
332
4267
838
3541
984
1132
2680
4193
1907
1380
4773
3177
2209
195
2323
3027
749
3512
3762
3840
3859
1134
3893
224
3348
618
649
2679
1236
1476
1986
2987
3359
2856
4965
3249
2642
1480
488
3956
1943
2271
1454
3633
184
3301
711
4241
2948
322
2563
2108
2647
2569
1559
262
1419
1043
4672
3177
3133
692
477
503
955
2286
3737
3434
3457
1607
3701
1251
2002
4674
3140
4915
4948
3688
3200
4664
1044
3656
1195
2663
312
786
392
3819
988
4804
4407
1128
3460
4559
1231
1223
4377
1913
3749
2662
3855
415
587
3722
4754
3103
1533
116
3248
360
4644
2621
3154
950
3797
903
2636
62
1188
3698
556
2418
1281
4696
2495
1009
3269
270
1223
4990
1070
2031
329
1659
806
1966
1018
2363
194
2919
3698
3745
2558
3435
1072
1984
3758
1799
1029
1759
4263
1288
2973
912
2947
901
3824
2734
1428
4160
1344
4921
352
3930
4242
1288
594
378
4430
2161
1257
4946
2324
4463
2602
767
852
1489
145
2987
4768
1931
2581
216
2086
2836
1857
4586
4420
3315
2038
4402
240
3670
2150
1739
2128
4752
1179
3195
107
622
790
4568
3971
1391
2212
3812
3650
4822
835
4718
345
1437
1322
3814
4560
3312
2342
4365
2159
34
1729
2055
1339
2384
1500
2310
365
2217
3069
532
636
4870
876
372
986
1100
2320
1502
3004
2450
2935
4446
2339
3649
4106
2959
624
208
982
1289
3557
2505
4407
4667
1158
1748
1055
4935
4998
1981
2501
434
1885
3876
2248
2324
871
1466
466
3514
3336
3579
2330
157
3988
212
1601
4606
403
873
478
3553
1249
4739
3662
1467
1052
1845
1955
1738
3102
858
3885
2400
2619
2845
3094
938
4044
429
1590
3275
3114
882
2151
3752
750
3032
2731
296
4972
2927
3978
3114
1688
4788
1048
4987
497
936
1427
2258
3475
4523
3066
3274
2985
269
4360
3620
574
2033
624
2373
3292
1422
1315
1819
870
4739
1789
3464
4496
2974
1685
1449
2990
2961
203
2830
4666
2673
4884
4053
2111
893
96
1781
4515
1647
829
3476
1897
2618
468
1837
3132
1625
4409
1042
1104
4015
569
1314
2433
313
3740
3168
1647
2068
1969
3984
2714
1948
1761
3301
3639
106
651
548
3997
4401
847
4071
2033
1589
2302
2239
2229
2504
574
4529
383
346
1284
1851
885
1277
1322
3780
4927
4899
1576
2573
3885
4052
1134
1968
4967
367
3728
1243
2508
1740
74
2473
4329
1388
4395
4190
4923
4758
1030
604
3776
1343
34
1822
1064
3565
3084
2065
2953
3720
1011
3450
4863
1118
4321
1320
3531
4041
4865
847
2906
975
1187
1478
3927
2589
4597
2254
1331
56
3836
1167
2367
2595
1464
1176
436
2558
341
3075
530
657
1149
227
3997
645
3195
2410
3982
4067
115
4276
4254
1179
2590
1890
3989
2115
3225
2491
2640
1794
948
3333
3968
3872
2624
3964
407
3980
2058
621
2014
3745
4900
3258
3122
646
4963
4803
2309
3465
2835
308
2801
303
254
1272
1303
890
1387
994
4790
3384
1971
1588
287
2324
4912
1983
2020
2723
1294
2277
3913
621
763
3310
4907
3357
1827
4021
692
3679
4459
350
569
4341
2343
4646
651
4903
1584
775
4657
1837
1557
1455
1151
1081
4138
4044
4088
190
2518
1158
3774
3423
390
3408
90
3805
223
3596
2903
2489
1625
4955
3481
1482
4670
4230
3947
2988
3626
2221
1790
1302
3221
2737
317
4037
2452
1223
157
98
4717
4683
2338
796
2097
2606
3893
1820
900
22
442
2932
1047
489
3973
82
1511
1262
2340
2215
2958
2032
2776
4062
4792
3743
1853
1851
2040
3965
3849
2794
504
4306
4145
289
1080
764
1783
1187
2613
1766
3400
26
1563
2196
2754
4720
2917
4560
250
1746
1057
188
4275
138
2161
2501
4995
2367
556
2457
3975
4923
3723
3029
999
1369
3822
4292
4005
3737
4911
2544
4638
401
1631
2806
3555
3105
909
226
3305
3363
933
3102
36
3942
2909
1128
3226
3206
3858
3991
2084
4777
3049
4433
3888
3968
2321
221
4057
3144
3590
4191
1112
4060
2777
1750
812
4041
810
382
2404
2757
4848
4930
3462
349
2695
834
4536
1338
1016
3060
3435
4879
3150
1250
2759
1162
2500
1624
1345
2844
4293
3257
1626
3359
123
4357
3449
3131
1465
2105
1961
725
2812
1291
2685
1604
2876
1031
1303
4561
4608
2899
1752
2962
79
36
1105
619
2979
2323
1832
2323
672
4488
2143
2646
2643
1673
1999
2788
1541
2287
3042
541
319
1685
4021
4455
1015
4485
956
1710
4360
2601
1055
1934
4632
803
2050
2072
202
2946
2051
1023
4748
1281
1708
2406
4556
2150
65
791
1067
4444
1099
3346
4971
4725
2931
4881
4789
2503
1794
4237
1483
1617
4917
662
2644
987
3302
595
806
1256
3285
4412
3181
3841
4982
2713
3201
3406
67
2746
1222
2403
1306
3489
2750
1654
4178
4127
4601
769
3511
4362
4052
4704
2261
4568
679
3840
1848
3058
3993
1553
3290
2136
742
1594
4438
3901
896
2768
2794
1735
27
1346
4009
1341
2362
1740
3678
845
3496
3734
2469
4993
4041
201
4363
549
695
1693
1166
120
3320
634
4950
4261
1588
2505
539
181
4076
973
4473
3226
3862
1668
4022
3778
45
3660
1308
4542
117
596
457
814
2141
2528
2451
1036
4813
4056
1690
3289
3615
2822
3822
23
2602
1514
3983
69
73
2907
3060
2584
1234
196
3803
4020
2986
1585
4046
2031
317
4013
775
1958
3428
4650
3138
1831
840
4227
2985
4417
2714
617
1797
204
3725
56
3919
3289
4419
2854
4343
2013
1971
1528
884
896
1308
784
618
996
4236
2174
498
732
2578
1642
3355
3954
1529
3044
1470
1069
2797
1304
471
3758
2648
529
1479
4605
2133
825
3207
925
3254
3474
2303
3408
1921
1164
396
2096
1901
1715
1151
3636
1682
1116
698
4003
951
1957
1607
4863
3965
4582
3337
4841
3664
4664
3043
4542
2653
4360
3767
4923
127
1279
3806
4730
1332
3033
1222
3192
1597
2225
1779
1026
1394
3269
3276
2964
955
4315
342
3805
1876
4272
510
1514
3712
3608
3167
2846
4686
1400
3723
1731
2313
539
3366
3256
1273
3508
4614
1567
935
785
3663
1122
4133
2377
1444
1793
4332
3554
2848
2586
2095
4409
2690
3357
3397
3271
70
3563
244
2684
823
4923
4697
2946
283
4568
2348
265
2584
4219
1919
4738
1506
2480
1439
2507
2030
1671
2532
2830
4632
2410
3219
4694
2657
4006
4386
2311
3085
16
4827
2112
4896
1885
458
4384
4537
325
1432
1218
4670
3030
3306
3255
3543
529
4996
3735
2815
1146
4263
4803
3052
553
3874
2626
464
2064
3540
397
4016
1809
4615
2449
1049
2166
2872
849
3619
1308
4395
4382
4174
4772
4788
1188
417
4327
2488
1633
2609
1198
1362
437
1270
796
265
3361
4938
2472
1127
461
3570
1866
3868
874
327
4777
3825
3481
1782
1983
2440
4998
4723
50
1048
3492
2053
4968
3071
3206
4706
2878
3640
4024
139
3589
3661
464
2939
3546
3598
684
4945
1304
4742
4880
996
1691
2334
4252
1358
3684
4843
3264
3745
3956
4531
701
4631
807
2805
2450
4702
2591
2902
335
2527
4394
1944
2874
1151
2993
3973
195
4775
4341
4737
2478
942
2592
1278
3469
1087
1605
1128
2567
3445
1078
376
249
1506
4616
2279
1952
3855
1301
3640
3408
3398
1341
1112
2643
1291
1082
1377
329
705
231
2249
4233
4873
3523
346
1458
36
8
1931
3312
2458
867
1828
4390
2883
4456
3375
2228
4123
843
3841
2989
1267
1884
423
2000
18
3600
4126
2697
1451
97
3123
2716
3447
1794
1793
4477
3659
1648
656
374
420
3304
1050
1790
2543
1465
4586
1690
4669
4702
590
1675
539
2419
2907
901
4024
208
2783
2407
2408
383
2473
2435
3574
3958
653
4283
3550
4466
3819
2086
4975
736
2175
54
208
3545
1284
3407
1810
3593
370
1063
218
132
54
4188
362
822
1896
534
3885
397
752
4891
4809
4934
3570
4224
4346
1280
1777
3387
3584
3792
1647
706
26
2562
4257
2495
2732
1330
105
883
3372
532
2686
4779
1539
374
1167
2420
2582
2687
2788
3695
444
1132
3989
329
1618
4727
2604
1729
4122
1988
1613
94
4691
3546
2134
3133
4537
3858
2777
3508
2693
848
4654
3750
2079
2267
701
3459
159
4402
122
4819
1180
1612
1353
3928
2316
4924
4601
1333
4338
2056
2093
870
3909
236
1661
2845
4220
1160
787
494
736
2219
3249
1856
2682
4674
2185
4905
3828
128
4148
3668
244
2724
1267
2921
4034
482
1948
3842
98
3799
3364
2630
685
453
3355
1124
3978
4614
950
3677
34
3296
565
3901
1257
934
4540
272
1608
3831
3783
518
560
4406
2367
4578
353
4013
337
4501
3032
302
1710
833
191
807
2989
3837
1230
1409
1531
4125
2351
342
4261
4946
1143
3332
4973
1757
3793
3746
824
1835
380
1870
1856
1974
3653
3817
4813
3913
1423
4032
4038
1237
1038
3656
2629
4276
4244
644
2145
1585
515
1430
2525
3010
3913
2736
1925
4556
3665
4893
1713
4970
4893
3410
3698
4673
1417
4114
826
322
4148
4058
1272
3548
4960
2450
352
1470
312
660
2050
439
873
3101
4385
2802
177
1205
1939
2953
2004
1437
1880
2900
2646
875
4531
3990
2059
1869
4261
3829
1513
3624
1145
4652
2127
1091
4787
4470
4527
3061
2370
2497
902
176
436
4869
637
3576
4369
3496
32
716
4719
343
2667
4936
468
1555
1653
804
211
589
492
2077
581
4295
1232
4918
3864
3625
3276
2019
4710
4013
3918
3953
404
4551
4472
1197
3651
4404
727
3072
4092
4639
329
4355
2043
1098
2492
3493
2478
431
2801
4046
2071
218
1559
2055
3405
2290
763
273
161
69
3941
342
172
4469
4455
2751
1190
1659
4406
3747
4577
4342
1611
1937
2740
3136
123
915
2243
3510
1426
3783
996
4521
3463
3691
1261
4174
3361
1356
2824
1702
1591
2850
3888
4514
2108
3180
2214
3616
913
3827
3484
1123
829
3422
2546
4641
4632
626
1639
2142
949
811
175
2176
3141
1468
3179
712
3744
2567
4255
1348
391
3081
4468
1451
4997
1445
238
2174
2828
2715
2375
2191
283
3173
2810
4305
4461
3342
2836
2212
773
3167
1181
4299
2565
4760
861
4892
3398
1879
2425
4795
4386
280
1188
3467
541
3289
2978
3547
3530
3832
4536
3744
1482
