8357
3617
2555
9079
854
3452
5047
5112
6587
7999
5002
8256
2487
7726
2122
5936
961
8460
1088
9802
4805
6173
8991
6969
1015
6601
1983
7821
2229
460
5829
1443
6473
794
1969
8484
1559
6000
9011
6772
9817
5365
3322
250
3285
8368
9019
976
4023
2227
8762
1760
7632
7861
8936
1406
8747
2494
2410
5765
8632
6667
1249
5881
2487
7233
875
6732
5298
9390
9446
5836
919
5035
6860
4281
7857
8638
4800
1444
2562
7835
8659
9651
7055
2234
1746
9570
4392
5829
2640
2579
3138
1480
5404
9398
3011
2971
8703
8355
266
699
6820
884
7336
5476
2340
9472
7807
3931
6045
274
4725
4663
5998
216
6164
848
1281
6359
5250
2080
5574
7020
328
8951
360
2382
578
6138
6463
6847
9714
2235
33
7584
4528
9731
21
20
6914
3564
3958
9181
7252
5708
1040
3875
3493
8283
2794
9123
9614
4501
3856
6468
8623
7339
4587
1781
3543
2692
8575
1553
9455
8370
4066
8597
3508
1135
8148
3176
5584
6117
5759
4057
8548
4300
4028
1623
1684
9327
8015
1017
6111
9832
8849
9870
1961
8890
2248
7614
1495
1933
6453
3680
4038
6771
6953
4901
7512
7305
7253
2609
5964
6266
8220
6298
2888
7405
3623
6408
5750
7695
5894
9277
6873
4283
5662
3326
1051
8358
2851
9039
9876
3975
3651
4973
8953
67
7100
9301
6110
1687
5195
3554
2137
5998
2466
1764
7205
3667
6181
5531
159
2704
6466
7650
9745
1492
5482
2969
5193
9540
3888
6251
117
9240
8189
9983
7053
9334
1806
409
2924
4316
5707
640
6269
3670
3620
1083
1838
3440
8394
9156
9027
8422
8615
6446
5258
9799
2203
2371
23
7847
3828
4646
2620
5427
3865
6536
3574
4368
2483
9750
1718
2828
7672
5743
2650
5558
6182
7715
6696
4522
5369
2678
3382
6180
6377
5796
3593
8790
7986
3471
9609
6293
1745
7652
3373
6509
6840
8844
4552
3892
2031
8398
4335
940
7096
7569
3925
9026
8844
3584
182
3508
6662
8854
2476
3216
9132
7480
7121
6935
9734
2162
9746
2112
6365
745
2604
8265
6641
5184
3031
792
8774
391
539
6223
6972
7629
8994
9006
5978
8950
1084
962
2215
7303
281
4668
3044
2670
9415
4957
8825
9151
1144
445
923
4265
3406
427
5126
88
4758
9982
2685
2019
2527
3465
6203
7925
6741
1501
6677
8905
1343
7753
9070
2142
9681
765
2870
5530
4302
7468
4592
7243
7453
4064
8255
120
519
9831
940
4631
9227
2250
1814
6135
9454
2863
5591
6925
6722
4180
2351
5869
1650
4252
7872
7678
6439
3847
4885
4496
4090
3993
2015
8617
8599
7452
5357
5402
3674
3953
5463
9473
72
2498
3591
456
1229
1091
1941
7130
1341
215
942
4246
1705
3407
5680
6956
9921
6797
1125
8596
7968
6487
5721
1102
840
5991
2761
9076
7451
8030
5994
7883
2579
8537
4691
1817
8671
2620
8297
7392
3914
5690
8741
9192
6009
9511
1267
8363
7233
5909
8394
9562
9443
8010
6579
3501
2949
5027
6087
4632
3934
801
6922
8681
1614
8754
1998
3485
1992
6603
4982
8594
1053
1073
1656
375
9717
2471
4973
6720
3180
7041
5880
9926
7608
5190
7168
1931
4659
9461
5116
8523
5401
3023
9882
2814
1950
5058
3085
3018
237
4021
6913
437
6345
3551
3963
2424
4626
1555
5505
4446
1879
3382
1187
2316
274
5488
2677
3196
2980
2272
5979
4561
2637
5290
3792
5391
6440
908
610
9522
8097
3231
4285
8060
8356
6265
1090
6845
6035
9231
356
1674
4180
1095
7552
5680
805
1899
2438
2002
2685
4506
9928
8687
8704
6184
6445
9455
94
9094
8819
4171
5576
1981
6015
6812
864
2739
6370
3339
4461
6112
7882
1032
6632
7514
8785
4599
9654
3276
535
4276
9121
4197
9815
8759
9269
3117
9768
626
6613
8498
7602
1064
4903
7025
1019
3464
9187
3873
6157
5286
4451
3416
1926
2187
8263
2625
7980
7155
4056
4917
3403
660
2486
4998
5852
4718
5553
7275
9331
4558
9056
7653
9733
5804
3122
209
3188
5445
6975
6358
2697
1923
7305
9246
1757
5655
5124
9457
5828
7913
3375
8428
1094
8006
3615
9025
843
3769
7623
7624
2931
1476
5541
8227
8239
8205
1932
2016
8799
7462
857
5543
5353
6452
9268
6835
1027
1905
901
8702
5405
9325
2608
1716
4590
1872
159
4122
1177
3226
5707
2519
3435
3547
3799
2720
3300
9870
1321
7250
3840
7904
7445
6072
4049
31
1607
397
6507
541
7037
2235
4684
132
5183
8386
3125
1587
7116
8996
5401
3798
2674
8749
2577
1205
633
2783
2121
5907
1389
3468
8491
8166
3591
9677
3910
4390
2647
9167
7610
190
4463
4525
227
8544
3919
2680
1216
9045
8680
756
7615
6066
2895
8060
8070
5014
2129
118
80
6112
8909
2480
8691
5405
1715
4394
1978
1151
8039
4573
5812
4953
7553
7401
1192
5942
3044
9228
9346
2890
7033
1390
7631
912
2967
1114
8849
147
8753
8807
8511
6632
8429
2037
3916
792
268
4578
8915
2604
155
8316
2028
2497
485
8241
4509
8315
258
8466
5296
8053
817
7590
7709
2342
3533
3514
1988
4495
4735
9287
9161
6513
5280
316
9468
508
4680
9642
883
8243
7736
3567
5783
4811
6912
8825
4152
785
3502
5788
1710
4475
4069
8447
7821
4246
4726
3857
8564
7647
701
7529
7170
3902
7850
5323
7541
6573
7082
4406
7232
6406
6289
4378
8680
42
4615
4775
508
4350
8588
2864
7263
223
4841
2974
2212
374
1765
2786
2964
4439
7760
5730
7086
7955
5279
741
3756
4190
2869
7354
4029
8027
3339
2673
7781
1331
8988
3885
2078
4068
6127
9025
5704
6502
1569
6440
6116
8377
9710
1489
3961
1130
4844
9159
6449
1348
4420
206
4356
1635
5102
3209
9615
7252
7257
7225
5168
5785
8820
3296
2816
7577
2155
5636
3085
8947
81
2750
6611
4226
8246
6610
4647
6156
2901
7209
5120
3077
4109
9931
626
1121
6810
9768
2360
4295
7167
85
4717
8817
5362
2724
5319
5871
9685
4315
7457
4331
4700
1191
6324
5303
2096
4602
5889
9859
9775
7103
5005
1738
9517
3390
3978
2332
8171
5403
8686
3271
9266
3241
6817
1198
7340
1116
600
5484
6784
5308
2169
6385
4456
1093
7627
1147
5120
2492
2428
7968
5453
4364
6350
7464
6648
4365
4607
3159
9030
1766
2339
7672
1381
9082
2992
9717
8437
318
4646
5506
6528
650
6217
8794
2568
734
9692
7346
3563
6204
3308
2185
3413
4179
8070
3265
2323
7452
5414
9591
2639
2573
8525
9069
6781
7435
4014
9609
8833
268
7925
6135
7946
1130
9012
8250
3743
5108
3324
6271
7573
2718
356
8978
3402
4137
6537
9626
5121
574
5843
4559
9194
9475
8351
7100
5277
8304
6974
7887
4627
5803
3433
9230
6129
751
9631
7380
3810
7115
8653
8
1056
6951
7481
190
6543
2306
8283
6743
6534
9558
6393
6884
4379
8477
9885
4440
1689
8349
8549
2091
6848
4991
3222
4042
4282
2285
2110
444
1750
4793
2373
1888
626
2474
6127
9042
121
9521
1281
5420
247
1067
4941
937
6629
735
9660
9541
1734
359
4518
6288
1997
4475
6177
2385
344
2088
8996
5383
413
1008
9719
6699
1935
3307
601
641
7389
3244
9197
8317
7031
5694
8194
4643
1294
3085
8894
2343
9735
5649
9126
9794
9340
5540
2381
2358
3792
2485
950
3913
8700
3925
8695
6669
7930
8735
3340
9776
701
2101
2341
7151
5195
4965
494
4549
6345
5530
1929
8818
9169
6623
2457
311
5282
1646
5213
2589
1476
583
8120
805
7015
6156
9049
4362
6263
4601
2620
5922
622
1057
6172
3892
2870
1203
9507
7348
6617
7644
9503
2138
1511
5909
9539
7200
1779
6685
5447
2330
1883
1954
7693
8511
6882
1033
8898
406
8619
1149
1148
4588
2820
2676
4742
8865
4093
6700
213
5891
3379
4629
7766
6195
6974
8488
1111
3651
2643
5653
238
992
5718
1691
4042
9085
193
5807
2580
9077
9193
5712
2641
4114
9171
1841
9815
11
3075
4949
2137
4231
6892
3241
1313
337
4361
2971
9642
5332
5782
2393
2487
8261
9388
4788
578
6032
3559
2916
6037
5067
6038
9108
3743
567
3951
7389
4915
932
3212
2929
3923
5396
5238
5486
3717
3752
2940
7763
6191
2518
3328
4350
1316
1756
334
4979
5019
6174
8650
9930
1656
7164
9669
543
1225
5391
2347
845
2351
7410
6045
4516
3991
1837
4390
3110
4788
2012
1548
4610
763
3182
4052
1560
4811
3385
6082
876
1894
1435
5740
8389
641
4060
74
3509
884
9391
5005
3010
7870
807
4953
5891
3816
5910
9824
1767
3572
433
2412
4206
2434
623
5432
7243
2926
3376
5275
3393
4826
6986
3379
1579
9444
8015
3690
8296
6307
2987
2184
6723
6531
2777
7988
3952
5659
7492
5976
1251
5367
5131
1392
1067
5799
6398
4478
8171
9011
7461
3230
1432
505
7568
3025
926
885
5113
2296
9294
3804
1990
3007
9346
1620
2138
9907
6610
7379
9867
6993
1070
5299
9950
1053
3163
4495
1566
8092
3803
3389
6332
4894
6949
6216
6513
7915
4179
6632
4318
7545
5114
6384
8708
7975
4949
3829
1424
2394
8906
9814
46
4641
8318
507
8382
6502
836
2798
9588
2308
2496
16
9065
4336
4634
8938
6463
2437
7742
4498
7714
4576
1745
9318
1274
5621
9054
4424
3709
2667
6429
7717
4530
3723
869
3475
8655
7712
457
4295
5652
5531
6478
3441
1648
8679
9229
5285
6577
9379
6067
6022
4010
4785
5829
6496
1132
5259
2129
578
871
2989
2672
8679
6922
9250
5720
1152
3686
3790
7374
9583
3184
9717
5785
6946
422
5047
1089
5850
3177
9449
1685
4408
1464
9697
9084
8499
4029
1054
7412
9144
6721
6657
9335
4654
8154
8428
9819
1684
5269
2661
3608
7386
5855
9318
1780
3833
8605
6549
202
3920
4187
2315
5002
1804
6785
2100
8377
2291
6594
3122
3945
5293
9806
4093
1268
655
1272
5195
6978
1413
2193
8232
2122
7403
9459
7106
6932
4345
2458
1140
1293
5881
9724
9101
2020
5174
8042
6396
8705
2611
5470
6299
8421
6900
2852
7173
8957
2285
1653
660
4576
9478
1519
5803
1256
3879
9296
4237
7821
5734
6881
2361
8189
6938
9168
4387
888
6922
3413
1759
5479
3240
150
3244
4940
275
2678
3643
3061
4205
3560
5019
9050
8219
4033
9299
326
4546
5675
6251
5347
6212
1462
2007
7518
7590
2634
1680
9081
461
1383
3553
4303
9013
3901
1563
6402
3262
8776
8037
8128
5555
7523
7252
1172
9304
8157
9571
4441
6639
4904
8719
3578
151
8798
4674
8964
3650
5278
6506
349
4178
2181
1205
4525
6767
152
8907
986
8871
2237
7127
1203
2658
3242
7251
6466
4705
8021
3712
484
51
1930
4367
4853
9060
4075
9647
260
4194
1410
7427
534
1293
5121
703
2166
5274
6155
8447
4858
4532
635
6468
7712
3280
8738
7484
6360
2587
7422
8013
3259
7682
7654
1597
953
5565
5170
7489
1441
2233
2375
5760
6681
8114
33
836
2029
5049
8328
7740
3604
4439
2309
8785
7790
9918
414
3443
825
7096
2285
6526
2803
2799
3423
1791
7562
4120
7656
2093
4783
9677
4259
9446
3257
5349
3639
6759
2838
8785
422
4439
5308
4950
5791
1552
8926
2899
8563
2811
810
8478
6421
568
6319
1839
7242
4359
460
7416
8431
6486
4947
415
5706
199
8956
4298
5433
3660
3446
8262
7943
6210
1544
7540
6749
8312
822
8849
2837
4234
9455
8976
1209
7470
467
1510
2826
570
9474
9521
8861
6928
3856
8646
7439
2120
6020
9750
7690
5992
8287
4460
3519
210
8922
1157
9123
938
5753
8028
2215
2099
7692
7170
8575
6629
1923
391
9428
9724
6865
2967
4772
1584
4842
4372
3543
8989
1094
7627
9437
8558
392
502
1235
5947
6935
6734
1205
6588
9243
3402
8589
921
3092
7288
5177
208
5460
7543
8027
8561
8061
9727
3130
1129
9765
3325
3749
7610
4950
8527
1864
5875
2690
1576
2839
401
6227
2033
247
6546
9089
8685
5788
1281
1340
7766
3421
8435
1241
201
2068
317
1290
8971
5569
416
806
3943
4654
3490
2792
6949
7677
9866
2290
9320
4814
3704
7746
8532
6733
559
9965
2473
7624
7935
3656
2081
9342
4147
2470
5778
9026
8900
9692
3185
1439
6408
6176
1588
3702
9739
5327
4529
146
6648
3181
1544
845
5444
9624
521
7995
4023
5573
9716
564
5015
2252
3420
9887
9219
3072
2822
6522
7178
438
5652
5815
949
1447
7944
9520
4775
9472
1671
3258
704
4471
1709
7031
3160
9400
5430
5141
3486
6493
4672
8005
1645
2812
3387
6134
1880
7482
8297
7504
1330
4445
3592
668
5340
1024
7657
1248
5964
5231
5068
6153
982
1650
6570
1553
650
6807
1646
1216
282
2616
4737
8350
4517
9339
82
9670
7925
7896
8158
5382
2962
3221
6193
68
3137
9005
6617
2459
172
5040
3618
6915
9791
5284
868
8030
9404
9065
390
3486
8956
7769
9533
228
4659
8862
2789
6675
9166
9854
1674
8243
5388
9010
2067
6770
3126
2900
2780
4068
8493
2807
8351
4155
6318
8128
4655
2387
676
3217
3328
4260
186
7159
3558
2202
91
9449
760
6929
8360
5409
1744
297
517
4647
659
1897
4177
2137
5111
5488
6129
4599
6278
8087
2952
2378
1310
7059
8916
4501
2226
3126
247
6867
3168
5285
6448
9840
5775
8756
4199
1796
5189
7821
1666
9674
1187
6015
134
6718
7758
7475
9021
789
3659
9258
8112
1703
6438
3299
9489
935
6350
1368
6856
5363
2529
7112
7144
2390
2447
6192
1021
7691
2941
1522
6965
1437
5545
7879
4824
9737
5061
5920
8469
7141
2258
9608
2698
5290
3802
1638
9519
2060
6378
511
624
2474
362
3512
6773
1281
539
9256
9408
6859
6300
4204
7763
4341
3448
2693
5355
1918
6383
2876
7085
1946
4192
7541
4939
5735
6608
5041
4898
7544
5113
9389
9236
1308
7442
792
5133
8627
8551
226
548
3031
5925
4864
448
4085
5876
1693
4580
3663
6241
9338
8024
8330
8823
8837
4262
8946
5002
4807
2190
5470
1183
9000
8182
350
283
4477
3538
6673
6743
7473
7964
6643
6077
3618
7728
2755
9009
9474
6310
1714
6143
9855
3916
6375
5421
5356
7215
3296
4332
1869
343
4019
5777
5874
573
8499
7466
6187
4457
2478
7647
3418
2076
5507
4167
4821
6038
6193
1988
1706
6181
4378
2668
7134
3532
3126
2581
5934
9707
2676
7868
8007
5537
8363
6945
7824
6202
6639
4867
1301
742
4224
1556
9359
6585
1116
1096
1022
5240
1284
5983
3288
4326
4075
9837
7403
9915
7819
7875
7647
4942
5154
3787
6232
3007
10
8837
5383
6052
6743
809
3135
9933
5289
3144
4165
9574
6993
6900
6048
7961
111
8040
544
4509
4682
2437
9548
31
1338
8731
2227
5787
943
5824
148
8487
7716
3904
4793
1580
6557
4593
7774
6402
78
7537
912
1031
4438
1646
7040
6764
6728
9874
7510
7084
8202
4458
5939
8442
9142
8257
4479
134
7854
9117
3296
1083
8140
9094
6700
1208
5480
6830
6358
3161
8562
5746
6436
1313
7615
9067
3857
6374
4449
8737
7198
58
7055
237
8676
6289
5716
7577
9493
3524
7827
5943
5840
2128
1720
1371
2610
3355
1417
4101
4506
7734
4203
3199
6949
7096
2513
2607
2024
1020
7519
6761
5069
8552
2862
37
4948
8760
5064
8648
7530
40
3650
6786
5575
1003
4634
51
3665
442
7077
9882
6238
524
3547
6700
3991
5438
7823
5965
9273
4128
8838
5199
4773
4268
153
772
4150
5971
7446
9121
9202
598
9584
6689
2762
8686
5046
226
4220
6616
4545
3441
2456
7249
4487
5421
1727
7097
4285
7130
4807
1255
8410
8085
3403
1465
9158
5887
9535
1654
273
264
337
2211
288
3305
220
8286
3682
8413
566
90
2801
5949
9449
1975
7139
5735
1055
909
7840
1370
6758
3605
5966
4321
9011
1172
6217
3097
8915
9589
4302
4225
8092
50
6
3869
770
7887
4080
231
5
9203
4599
5507
3608
3411
9859
6428
476
4461
8411
8528
9531
7486
6200
2006
3041
9088
3396
3031
2597
5140
8577
1776
5669
7784
3703
3874
9119
4837
837
7604
5740
5927
8873
9254
3446
2618
4106
5186
1067
9485
4386
6705
6634
8006
8170
1064
9625
4546
2909
2221
7673
5607
3374
1033
1121
8952
5750
5612
6504
596
8469
1640
7791
4731
7082
8171
7146
2206
8093
3436
910
6498
8138
9297
7990
8704
1784
5547
9792
3165
6263
2271
6836
961
6489
2193
8405
4726
567
2879
720
7023
3668
9495
4193
9010
4270
9782
6213
6964
2112
702
938
6607
9125
5587
2739
8130
7640
9635
4296
7733
4439
3504
6250
7048
1989
1483
5219
1767
2574
7438
7964
524
8181
2453
7272
2881
3946
4490
4782
5024
7111
3805
6580
3641
3449
4828
1926
3295
7580
9540
4198
2911
7519
4788
2414
6590
3255
3707
4865
9294
7280
7998
7359
1149
6973
695
9383
5003
4960
4412
5159
1397
4006
843
7166
1555
9098
2928
3027
74
8489
2067
4527
2622
5221
6897
5509
8888
371
8725
6769
5312
2496
6354
942
3336
4176
1039
7250
7892
8695
5712
5108
8409
9072
3806
1150
6753
1418
7090
7197
2248
9635
8003
4741
327
2413
4745
3490
3675
6269
9101
1977
3808
2578
1583
4444
7007
6210
1507
4957
897
3520
3562
9754
4847
8186
424
3670
8392
6047
5895
8233
8430
4190
408
2413
6701
937
4113
9833
6489
2632
4519
7179
6643
5498
2217
9070
8423
6343
2374
1884
4325
3345
3309
1564
2010
8088
8303
8988
6299
172
3683
5194
2222
4173
3142
7228
8181
1839
7244
9456
9975
1978
6424
7485
876
1053
9299
4072
1524
882
1340
4707
7109
7901
5085
6719
2128
4606
182
9731
2415
4086
7545
3221
5677
2406
8881
3732
4801
4962
5631
984
9401
309
2130
8546
5375
270
8242
4781
5242
3288
3434
4342
1028
4408
3808
6855
1907
3439
1346
318
9719
6479
9694
589
5983
6939
5613
8875
4440
583
9918
9784
5042
5006
9163
125
4753
3938
5210
9682
1437
6141
9490
2489
4134
6519
6264
9895
3737
6961
8293
3299
1159
6381
8661
7607
5448
7905
1551
6532
8923
4896
508
5698
2440
5176
7302
3748
1509
3275
4190
3882
5969
4805
8554
7584
4128
1676
9001
5444
6740
870
7668
1877
7828
2484
4116
4582
4716
619
5002
7762
6672
9299
9070
602
8574
2649
855
2474
8335
3503
6707
6089
3226
7059
8725
351
8358
7901
8713
2785
9129
8626
9156
9815
8081
2758
4156
7039
5630
7326
9009
4283
2619
7172
6152
9605
3207
7315
7570
4882
5924
9425
461
5636
955
9837
2055
7946
9178
8734
2602
7090
7452
3979
4168
239
1315
1465
5284
5414
9220
4255
4602
1441
63
3637
9565
5014
1561
1227
732
242
2696
262
5071
3135
9498
2053
6948
3925
5938
5842
1248
4717
1985
4915
7556
4640
2685
8208
9438
5646
8736
3920
4217
9818
6288
812
7250
178
7686
9749
1415
1533
29
2033
4990
9165
6857
4416
5424
9636
3266
6268
2273
227
652
2879
524
9710
1667
4512
1823
6139
2280
8837
80
3625
3635
4396
2667
9741
4579
4292
2041
599
7658
1894
9518
3075
7102
7217
2607
7788
445
2627
8382
6155
8144
9891
1156
2749
8730
5963
4986
82
6958
6020
8308
8545
1627
7513
6427
714
4997
6573
1157
3732
2672
8137
7282
7108
9323
7806
9062
9199
8983
5352
3518
6374
5587
7283
6145
1121
5846
4583
4501
2375
8983
3007
3370
5560
92
4008
1399
2669
5358
805
6687
5048
5989
4975
8639
8757
3445
9689
2776
7266
1269
8721
7843
6683
7975
451
6486
7581
5241
535
1841
973
3415
9019
4613
7857
507
4524
1346
2395
6707
2941
9467
4759
3372
7450
777
8442
3888
4967
6696
9129
7418
8929
1778
876
8514
2518
4374
7895
9977
8528
7109
6488
5378
2364
2217
8192
219
2041
5746
376
1592
9628
5374
1461
9322
5729
6275
949
4672
155
9436
1977
378
8764
4415
8493
5318
4961
4071
7026
1130
6261
7059
8909
5388
7430
5338
7577
3953
2900
4489
3623
7872
549
8554
5926
3762
3157
3298
317
6841
4523
8952
9572
7594
6919
7197
9955
3256
3496
4908
6674
7615
7562
8384
3520
9801
6988
3196
7120
1840
1743
9707
1149
9393
475
5957
7838
8761
876
4778
1172
6511
6281
1150
7568
6206
9429
3873
7953
5325
4574
5434
8683
8028
5811
3727
4884
2797
6915
8356
4841
4733
3968
3837
6733
1822
7555
5794
6737
882
9977
1118
5406
3350
7642
531
9167
1288
1290
3951
4220
6455
8905
3475
6146
5254
1109
117
9902
524
687
4836
6584
8747
3723
7507
8924
9818
7521
821
627
2625
5616
2707
8016
6977
7858
9404
6615
6686
891
5946
5512
8747
9227
9101
1321
4848
5027
9190
5409
553
884
4770
6369
2622
1298
6369
9149
7611
488
8386
7720
5851
3142
1357
8270
3798
8645
1020
5050
3348
3930
8727
1192
892
649
3370
3957
7006
4513
3605
7554
3498
4933
4353
4488
539
6075
586
2597
7251
6637
6109
3140
4291
2654
8975
5451
2695
294
5751
7598
5917
4622
889
32
5376
1591
7536
6426
9733
2436
535
8420
753
4344
3877
1521
5173
7098
5027
8151
2039
5989
6218
651
5342
988
9630
5467
8330
6650
1185
7285
6573
840
3637
5094
2570
2568
5074
1964
7353
1998
1472
4428
1827
6287
706
6320
7024
5425
6575
6376
4107
2722
8222
4753
9999
7540
6957
148
9777
5237
798
3029
7257
3981
9807
7691
3678
4897
7812
7023
4684
373
9107
5630
6725
5023
3500
5449
337
3302
1331
3980
7987
9000
5644
507
5723
5755
2385
1047
3121
2603
1011
1504
1028
3586
2875
389
8559
5350
5963
7672
340
6205
7702
4077
745
7563
3160
8352
828
6988
7171
9973
8339
5101
1224
9259
9332
9396
8574
4186
9262
6704
1410
2140
8979
5723
8460
24
6994
1547
4825
5513
2853
3624
2410
8493
4340
2697
2184
8569
820
743
5123
5482
5551
1875
7814
9270
6353
1651
9208
8353
6748
3559
8769
1644
2633
5322
5686
8807
4956
9780
9988
4007
7810
9324
6694
4371
3498
8027
8050
1624
5373
3788
8934
7133
7259
2095
8810
7777
4035
9965
8466
2447
7935
9061
1523
6243
6490
5925
2111
6407
5951
5332
6495
5255
9583
9660
3148
6851
9774
4838
8649
7890
3931
5582
7105
6802
6795
2501
9688
7006
4608
9236
5089
2873
9227
5182
9932
6167
651
5007
2969
2811
1152
9825
5566
7179
1361
3517
3360
1600
854
6382
2689
1433
2963
6785
3927
2238
1330
4600
9893
1634
2076
2510
8008
1730
6531
3094
224
3243
4399
6972
9401
1224
3
6461
7989
7528
6123
9922
3895
7662
757
4118
7567
3714
2361
3129
4061
3093
9526
2526
6900
3842
4650
847
8204
4111
2909
2448
5364
5331
7163
4305
8418
3634
2316
5004
5192
7331
4162
2111
1301
1010
574
1844
8549
5026
4592
1323
4103
8778
4409
9769
7801
2512
6398
8105
2257
4436
6027
6753
4394
1171
8674
4496
7129
5467
4495
196
5916
9406
3305
1064
6078
9120
5207
474
2729
9147
8556
1514
520
4434
4816
8254
8472
1922
5213
1266
3067
2836
8755
3021
4760
3823
7320
9040
7890
9274
4544
5303
6099
9983
8388
6306
8245
2731
626
2605
7933
1026
2545
4490
3765
2368
9359
3713
4981
1738
8234
8238
3085
6803
3079
3048
8609
8170
530
3346
2304
7489
5794
5466
1667
3480
8024
9823
3759
264
7140
5840
55
6860
4612
2736
5794
665
8955
1509
4212
7454
7369
8623
1067
9366
3644
6134
9369
7962
1459
9804
6024
2468
7403
3473
8991
399
1560
9142
5232
4138
3186
5081
3450
6251
6633
8927
5778
9152
1878
5119
4970
7664
1199
7387
5115
3473
5430
8026
9604
6914
7712
2705
4286
3720
6525
8032
7435
1207
5097
9736
1739
6918
7006
746
5291
9477
7539
7339
8282
5242
6437
3299
8425
9894
3328
7829
5455
8183
1177
489
1846
4758
3660
1589
5541
5105
9022
6362
4987
499
9454
4027
9285
3951
5085
552
4748
3308
9430
6472
446
8890
6171
725
679
1379
8190
1105
3516
5788
5529
5079
707
3706
3851
8477
9474
3010
768
2805
5027
809
1915
4178
2929
9482
4002
4519
9779
7222
23
811
3521
1077
2798
3801
5607
4874
7775
7764
4517
5205
810
8616
5264
9987
6498
4331
2985
4368
456
6339
8072
8572
8853
529
3477
6426
7283
9882
4274
5589
2569
7447
4360
7886
6017
7106
893
369
8375
7713
9871
3590
4112
5567
8128
4723
3332
7525
5277
8350
1930
9656
3709
7855
6719
3964
2867
692
5539
999
5391
7423
2112
4672
3015
1626
9431
9606
8685
7099
4857
2076
8510
4226
3183
3890
6679
9071
8726
5311
7139
8032
7194
5258
6565
3544
2158
136
6959
9980
790
1040
7725
3991
161
8011
9345
6605
5910
9735
4972
4300
2137
7258
8149
1694
1050
7779
8153
8699
6123
9052
1215
7500
7068
2155
1654
2282
5893
3160
7022
8885
3135
5978
6720
336
3807
5642
2219
3018
9184
3769
60
3207
5932
2653
8185
605
1079
2118
9722
635
1848
1519
4708
675
3460
5953
5508
2873
1144
1169
7668
5907
5251
233
7981
9136
3263
4787
8537
4421
6650
3074
1171
3202
3541
2331
6990
3508
3592
1137
6078
5939
815
1599
7415
6539
3878
7901
8449
4441
5004
2150
1733
3931
1943
8384
2294
9530
6676
5722
9438
9795
1113
9348
1796
2848
3785
3192
8135
8582
3874
7686
938
8264
8679
2941
5148
5256
7429
1670
1842
7693
6101
9066
8772
8017
1165
9364
5489
865
7826
7697
4447
9064
1967
1332
4931
4133
1691
1558
9257
5688
9849
8747
7121
6476
5873
4495
2950
6910
9543
9087
3772
6651
1573
9732
3333
4088
5642
5897
481
5067
6510
2366
1984
631
2497
2214
7540
5253
8559
4491
3496
5853
4786
2370
3255
9524
2692
1336
1818
2095
4526
2907
8626
9830
3170
7717
2254
9396
1234
9939
5913
4043
7340
1941
516
3188
8626
1326
9020
5780
6778
4938
7095
874
7919
6255
3520
9957
8961
3852
3452
1602
5904
1951
7128
3778
7936
9907
2673
5642
9673
1606
1584
2885
2174
8504
9600
5892
8120
7359
5357
246
143
8904
7819
946
9972
4248
3200
3201
3806
752
3103
9577
6351
2447
146
7827
850
9681
3539
5758
4403
5045
6807
4461
7194
7117
8167
8347
5830
5998
4589
8703
7859
6456
8711
6874
375
4335
5387
1981
7310
7719
8568
5912
2832
3630
6596
253
3948
1204
3367
643
1604
4150
979
7095
3732
1831
8799
2476
9520
7999
655
6643
6873
1102
2545
1382
2075
7401
1734
1902
502
837
3626
5764
2151
2130
7954
2132
7267
9342
7842
1326
8095
8731
5321
5527
8207
4682
6665
684
8905
3574
9494
6358
5189
302
2555
7577
6980
1130
8819
5814
7113
5663
5867
8161
3464
8029
9441
9773
6266
1637
9080
1074
4298
5256
2220
5777
415
6651
8108
4014
678
3703
9897
5084
6092
7052
1161
6519
197
3590
4104
5707
6492
120
6252
9170
4983
1476
3348
1194
1205
3196
9324
7524
8663
6163
3055
5993
8217
5245
1050
4839
6876
2085
6585
8921
8065
2605
8624
3013
7347
9392
2088
1487
5586
3044
9300
4971
1160
1787
9039
8608
169
4456
5364
4760
5404
894
1864
2275
5040
3108
4232
6715
6397
3205
8059
4610
3737
7556
2388
4839
4451
9181
4391
5656
4655
3847
1477
9489
5950
4517
6038
227
6746
5644
8321
7168
4507
3886
1003
2115
2025
4197
4634
652
814
219
8436
3433
8983
3126
1769
336
8183
6161
4761
7448
424
8773
2100
168
1967
88
7309
2663
7834
6684
7818
9603
2345
4151
9946
1997
5687
34
2771
6801
627
8827
4167
5555
9423
8102
8866
6725
5876
8656
1651
9221
9184
2739
9492
1011
3949
3894
8456
8193
575
9340
5969
9443
106
6397
3515
6261
4814
1777
5240
3356
2160
5560
5576
5796
5062
3271
7524
2057
8718
6190
7479
1490
8284
5061
5307
9175
6238
4451
3468
723
4813
3041
1290
9428
3634
9155
6624
4591
7347
7766
5260
881
7609
8408
6923
8769
2447
6928
1218
865
9161
654
7227
2914
3102
5357
5866
9767
916
3973
843
6626
8455
1869
4203
6859
149
9982
4127
7248
2025
9587
3988
2101
2082
1853
1284
2748
4031
1506
2642
9664
9769
3573
9250
9755
6877
2401
6136
2440
3732
5903
7339
6979
1889
3607
1622
6396
1095
9426
5291
682
5429
5518
4420
3452
5678
5195
311
3034
1401
7651
8565
9803
5330
1415
16
7696
7771
4084
8135
6061
563
1364
6431
1144
5296
1568
319
7466
7148
8419
3240
5362
138
5178
6063
6569
4323
5288
697
5680
5713
4950
994
2869
6408
520
7289
6661
2572
4794
5500
8011
4355
4457
4523
694
5143
3214
3020
553
3943
2677
9290
7756
2876
3324
4906
8960
2932
3366
925
2592
8348
4560
9003
9923
4398
1835
6418
1646
6692
8504
2490
7909
5448
7154
3764
1154
2507
2372
2447
7278
2798
2283
230
9933
2832
390
505
1783
2740
5483
134
9840
1598
7555
2277
4104
8842
8101
2365
5726
1608
3856
1030
4080
5080
2354
4236
430
8815
9990
8924
1245
6483
5578
4142
5079
905
7582
1200
4911
2856
4329
8219
850
265
8005
2755
2473
8126
3546
2960
6251
6844
7673
3956
3632
3078
62
5593
6832
2599
3225
6872
8905
2956
5526
9304
8879
892
8712
9970
1134
2324
4532
6269
8220
7203
9881
1498
5002
1503
5086
1534
3208
1283
1268
887
2440
5222
9019
1709
2010
9896
9280
3911
375
9419
2147
7847
6810
2540
4822
8419
216
4525
9474
2721
1488
7744
6932
6366
9022
849
8741
779
7257
6193
1671
3012
2524
9259
8746
8430
7954
2949
7583
749
2970
2581
9316
8031
6346
3837
8142
3289
9376
1269
629
4443
4340
9011
4505
6802
953
217
7682
8827
6162
7579
2005
9551
2849
8827
1522
5151
6331
9987
1306
9085
4695
8430
3038
7636
6037
7876
4483
7446
1883
7344
6546
6224
3178
8256
7036
6731
9712
9465
4426
5474
2775
372
7586
4075
219
8728
9478
8677
1752
4933
5462
3948
3153
6186
7733
1371
2189
8004
2138
9758
172
5700
3533
5203
4312
412
8561
1725
7527
406
1137
6165
6012
880
4019
3453
1021
823
2313
7266
2799
1839
566
3102
9949
9197
3997
3990
6072
8498
37
1207
1672
9428
8682
1000
7921
6682
7821
9820
4193
6083
3131
3414
3253
3908
58
8409
6587
2221
272
475
8979
3974
1118
5478
382
11
730
7435
8728
5409
2538
4467
1859
4388
6364
3491
6985
5870
7331
6603
5090
678
5899
1403
1270
4483
1533
354
9402
3132
5967
2149
4375
205
9779
6681
521
504
6031
3677
2659
5509
765
1622
2719
9575
9896
9928
291
4045
1639
1118
2640
4434
7222
1655
3171
5074
7328
781
6574
7977
393
3539
1825
3337
6104
5274
7810
8887
9761
6992
8412
947
5040
9814
1283
2595
2898
9708
1349
587
4957
5355
2460
970
5505
1886
4689
5780
8310
8686
8746
6152
628
521
132
4797
2993
8974
6220
9198
2036
6536
3446
7534
9289
421
3425
8410
5950
1185
4898
6218
3514
4292
268
6100
9549
532
130
7997
7251
5144
9923
8748
1714
123
5460
1406
4994
8793
3179
239
6220
8345
5095
4027
3003
9015
5981
2257
2943
7085
9454
2833
6209
3309
3348
7954
913
5262
3211
3890
2763
9568
1660
4939
6584
6557
3061
9310
8656
383
7396
655
5149
344
2962
5165
5178
5202
7788
2188
1659
2899
2861
9889
1062
7100
6536
5097
3231
6350
8368
2983
9634
8522
2890
4312
1929
1972
2234
2708
9454
1571
1163
3587
7130
4071
5419
2057
2987
4039
7138
368
9700
2807
2931
6256
9022
5811
8186
8654
3052
4858
5190
5374
3997
6217
7760
6166
7643
4946
5273
1617
768
2506
4499
3677
840
2124
5669
4434
3361
189
9234
2110
7231
605
5683
386
732
2822
3361
4179
5068
2149
2383
3149
5023
9458
1683
2059
5856
9117
5989
8907
1195
8343
7424
5554
9867
8666
9078
2140
8496
2694
1697
4621
6959
8969
4083
3225
4436
3275
9695
4029
8851
5027
8512
2744
508
1433
3639
5177
6125
4136
5874
2854
2961
1839
6776
3718
3446
1189
2769
7548
4141
599
1010
5360
8218
6432
2614
6764
1307
7059
3320
9344
2565
4920
9566
226
3449
2785
3167
4037
9526
4055
4436
6117
4216
2134
5612
7549
8735
2514
5674
4501
7338
5684
793
6331
2754
4581
2352
1660
8259
7973
5585
8063
9253
7400
8699
9295
1689
3295
9839
7475
1471
4271
687
1196
5124
9791
4594
2314
2792
8627
5317
1835
6957
7792
892
7185
2860
7435
6342
6863
4674
35
1581
1616
1864
9144
7404
3956
2208
9894
8364
311
3435
9666
1639
8656
4183
6143
1358
3411
7990
7710
5990
4243
8138
928
988
4248
268
232
2762
1961
8236
8210
2305
2230
6258
6299
5206
9444
5651
1771
3466
4901
7999
7670
1953
68
7415
6314
2675
7547
3485
9461
7313
545
2355
3703
5168
3762
2917
7552
8529
572
2099
7110
4977
3380
1191
292
6187
532
1029
5330
4044
7825
4687
7917
463
8188
9656
3716
7446
7157
4704
4798
6890
5655
5870
7035
874
9301
2365
6389
9615
2959
7533
578
4160
6400
2634
5865
2289
8086
4314
831
9814
2591
8047
3181
8934
6445
2364
3632
7883
4470
2420
3964
645
5371
5679
9709
7054
5155
1894
9516
40
7651
7757
7371
1171
5628
6016
5725
9787
4769
5318
5237
1693
7347
5714
6905
3098
2011
9769
8402
5172
9747
2670
7715
2662
8497
5608
5796
2241
1185
677
5418
8528
670
1032
7716
9693
6077
2669
7301
2540
5463
3997
4985
7621
1440
606
4837
4031
4536
8002
6160
9688
8222
2607
7048
945
9084
3567
5458
8854
947
8637
6882
2892
1876
4000
9619
5090
1527
7973
1779
3834
4012
5860
9422
8225
1452
4725
438
1818
363
4459
2108
265
3116
5326
9517
9034
8720
9879
6540
4050
6685
4660
2520
8430
3367
6987
9689
8168
9598
2763
525
6871
2932
2335
521
758
6073
4524
3438
6973
8613
8137
6058
3435
7217
9790
7752
8006
6226
3124
8741
7609
9491
9148
464
1355
7038
4956
3725
1680
9142
8197
3781
9273
8484
6592
7038
295
6941
1526
5955
6733
6540
7615
1568
7139
9713
546
92
4455
1045
8827
6802
4478
793
746
526
2583
7562
6904
3569
3185
9075
6709
9585
6227
8720
6093
3873
1657
7242
4377
8920
47
8515
9073
6864
3573
3488
8095
5997
4274
4862
3887
6151
1781
3602
6594
1238
4791
6561
6322
202
508
7769
5360
372
9529
6074
6121
7765
3311
53
1687
2417
7429
6975
1011
3726
3812
5649
1737
8303
6875
3392
4804
5800
9411
8740
1336
6301
9709
3959
910
2987
3688
1180
2697
3443
6094
1865
7208
6430
2942
1618
4549
8226
4116
7955
9946
5328
4148
5946
1187
1062
1687
1807
5166
5592
1564
2577
4943
8614
7871
4975
7136
4330
3990
591
8950
2640
8712
8158
7327
6610
281
5301
2423
2623
7137
4932
6457
3096
682
3822
802
3287
3208
6688
7058
571
9971
4351
3068
9124
6831
7149
8509
5896
349
3560
3129
5904
42
2495
5136
2979
3621
9666
5168
3148
1086
4549
3972
7818
2922
7952
9739
7460
2931
5254
2547
7943
3612
9584
8915
8797
6179
4758
5992
6604
175
2841
6423
3912
8728
7152
8002
1382
9813
5212
2102
7518
4305
8762
6144
7195
103
8885
8367
8419
4285
3830
6389
5742
4589
6601
7640
7157
1277
5149
4837
8648
1104
4743
5204
1883
6054
5844
2006
4686
9838
9961
715
968
3628
5352
3312
3039
9222
1458
3461
8887
4568
2771
701
9509
1415
7390
4030
4894
9075
9638
8153
9633
5493
8167
195
6125
9304
2271
7682
1200
3268
2748
2548
4926
4133
8370
9320
8442
6858
9497
4912
788
6138
9553
3422
3375
7537
9795
7307
5757
3591
4566
6886
6522
5714
491
794
5506
2834
2453
9497
2064
9242
6184
3188
3172
6638
4253
4844
6607
1640
9231
4995
9566
7413
8453
3468
6449
9148
1228
7441
2503
1711
4209
6419
4872
3962
3080
2843
5086
568
8907
111
4849
6340
7459
369
7438
6429
4348
1761
3171
7795
1464
8227
7930
9487
9330
7787
7263
4591
9245
2117
367
3118
5609
5233
9631
2177
114
7915
3606
2430
4021
4873
5192
8024
2319
6189
6976
677
8387
8746
186
5824
9752
6468
1786
2426
7341
1328
8108
9276
5402
7098
3529
6071
7156
9126
9586
7164
1501
7806
5021
1256
7158
5545
2873
9799
9729
3789
9327
2618
7207
3323
9943
482
4515
969
4532
6492
4713
5518
3661
1495
3271
9942
5705
9088
838
2084
3382
5007
7356
8775
3894
8362
18
4277
6743
6295
1469
4501
4110
1599
9115
4201
9647
4126
7740
7912
9067
1031
7915
473
5974
7285
679
4411
1715
4812
946
946
2703
4333
9269
59
247
9464
9374
7745
6935
2076
1463
9448
6256
5418
6452
8295
4037
7368
7273
2643
3699
8417
1349
8294
1050
7929
5168
8238
476
5327
2940
3889
3504
1579
2186
4014
2035
5606
7117
6944
381
1417
2883
4460
5915
3934
1205
6153
622
6035
6284
1999
1056
6477
6574
2103
4366
9352
6372
6995
3686
4124
5929
4599
3470
6044
2273
1348
2367
9032
5923
1750
1852
3587
2149
7411
4963
1327
6227
307
5694
3555
9499
8031
3718
7854
8855
2530
9046
5910
2568
5901
5687
9513
5308
7559
9277
3173
6204
7985
5293
1363
1285
8423
4665
9789
8945
6306
3962
7872
5632
1082
2953
3293
1896
5225
4746
6922
6551
2507
4741
1606
6848
7745
6434
1161
4554
6181
5616
585
81
792
1059
9417
5510
9047
4072
1148
3130
2492
6549
2119
5267
2625
7378
1845
4296
1951
206
7268
6063
8693
928
8284
2992
4147
9291
9712
7990
8550
9436
8557
1666
1166
9667
4159
9035
8507
5980
8355
4022
23
7913
6231
3293
6396
9006
5806
3055
3526
3080
6736
1381
6755
6442
1373
844
1175
7350
3314
4596
1405
3237
1364
1300
7479
7683
5658
2759
6230
7290
6823
8327
1093
5289
3620
8020
7584
192
5036
3121
2210
107
3041
956
9500
6137
6253
2328
8305
919
867
5497
9854
9934
499
4251
919
1590
92
7695
5341
8853
2683
3282
7627
7017
3266
3276
2624
4541
6693
1554
4343
8939
9645
6585
3441
9183
7455
3448
2548
9891
4759
1544
9101
5836
6862
3627
9250
9664
8314
4822
6578
7347
1460
1148
1645
6445
917
6424
6944
6617
4682
9814
6184
252
3143
6799
9176
7328
8744
2208
2406
1053
4098
9174
6367
8019
4823
5672
6667
2422
9161
1184
7867
710
422
9719
9071
8857
9809
4748
1924
6023
5554
1105
5946
35
7267
2259
9252
1969
4011
2643
8745
7320
1080
6
231
3334
8917
3733
1575
9562
667
2674
5947
6962
5364
7032
2324
545
6250
4605
4913
509
6974
2839
4657
3186
8405
248
777
3878
9997
1127
1857
3930
5021
3180
3001
2762
1450
968
9642
5618
4278
3055
9063
4828
4722
1139
9057
906
4852
9758
218
5196
8053
3211
3089
1071
4081
9282
7292
115
6305
2302
980
1015
469
6973
2266
9282
3690
4547
3703
3985
476
6843
9826
2328
1765
6780
3322
3031
9572
8019
1267
3547
8728
1139
4814
9309
5659
9302
3616
5227
2524
7422
2564
5841
3924
6796
1821
4612
5275
4828
1780
5755
4835
9499
9264
9754
6817
1719
179
9212
4268
4241
1168
3628
9118
3009
4507
5056
7783
9143
2665
3283
65
5017
2087
621
1935
3294
9078
1345
2590
5205
7475
836
5357
7699
1045
9797
4857
5383
2736
5757
2849
796
5254
7875
633
5498
8605
8172
1785
3241
7004
7966
9221
9380
5422
2560
5912
1414
2793
4912
1737
4227
4585
5632
2128
1509
9462
4894
2210
1762
3444
2718
1511
1702
1080
5462
5293
8851
4040
7285
2437
209
9787
7025
6347
2323
3760
541
8324
7816
5387
5395
2352
5563
8938
1939
3662
3944
4069
6056
495
2714
4308
9411
7042
2230
9594
6263
6815
9870
5679
7040
9488
6051
316
4784
2744
6394
9968
8520
199
73
1935
2815
4118
2111
665
1714
157
2413
9977
9048
6837
7429
7700
7425
4519
2397
6465
2026
706
5376
9960
240
4300
7489
1683
2655
832
5837
9313
8261
6
6092
7529
4168
1440
1620
7228
2928
7088
5674
67
2050
1463
2293
1495
5898
3640
6769
1744
5621
9915
9021
2757
8472
4110
2642
3154
3249
1206
9136
6232
9720
3843
8038
9294
2977
1745
1853
4421
7649
2875
1858
4761
8777
8730
1375
6579
6996
4586
725
763
8170
3006
328
1563
6686
5850
8967
8175
6955
7806
118
5449
5365
5123
8234
5137
1423
7358
912
5177
7689
7025
3754
6542
9571
5537
151
9738
7170
8866
9630
4183
4397
2478
2631
142
8950
9476
9638
9933
1168
7613
4293
3735
9313
3803
2396
678
2405
1002
6288
939
2348
4104
5173
4598
513
6001
7953
6097
632
2386
703
1974
7748
3855
4989
4785
6402
8033
6243
2417
3877
4935
8335
3192
8639
9693
3905
5617
9592
5818
4352
7313
8318
3587
6456
2470
7002
685
3665
5996
1194
1632
6845
4798
4401
3847
5709
9274
39
3699
9776
8221
7198
2799
218
9758
6802
6143
7165
5703
1868
8065
7766
3917
2628
8374
8230
4049
4400
6682
8379
1534
909
3134
587
2019
6376
1287
3629
8859
3802
6927
8100
9143
9726
4474
2488
1486
8304
5091
2946
3067
7652
8932
8852
3236
6800
7301
6195
3403
3144
1307
6707
6493
1668
2274
6221
1703
5295
3381
6271
8361
6142
1434
5328
3395
9786
2091
3486
156
2749
4383
4710
7697
7269
4439
3472
4490
3112
9956
6868
248
933
8533
1405
6043
770
9966
6648
784
8744
2021
7656
1047
6487
6054
8506
5731
4790
4455
9008
9947
4603
917
3133
7277
595
7149
3692
6498
8543
1847
4349
3837
8428
7148
4892
9837
8637
5976
8399
6385
1079
4586
3933
7163
7481
1513
3510
9613
4197
9249
2722
8512
9791
6059
1738
3572
994
1514
2717
2866
697
9169
1696
8845
3921
4355
4902
1110
5896
7282
5031
3663
8593
7401
8656
5943
8344
2165
6470
8628
2236
7134
7160
4287
5150
6067
6145
5417
9941
7379
3207
6156
2363
7576
6979
7788
4215
4878
2557
3884
3559
8738
5043
2108
6410
3797
358
9040
1432
2784
7137
9949
9631
5777
3334
3372
2827
4659
9831
7313
640
7932
3262
1685
2631
5952
9338
7327
8947
5378
1878
6993
8927
411
4519
6478
5158
3891
8002
2970
8974
188
3160
7994
625
5647
7408
7243
506
7070
2687
8270
7865
7704
6742
4768
6659
5131
7015
8392
4889
4371
1589
1626
6338
3568
9832
6185
312
727
2378
9321
172
8159
913
6481
4423
7627
3161
3679
911
4359
6910
8966
1250
5964
8546
5827
2802
7982
1
8318
7212
9348
4831
411
9190
1719
3993
5791
1317
6371
5377
8448
5912
5436
3584
2438
4629
6986
695
8525
3486
1924
3926
7388
352
4619
4104
7184
279
4429
9097
5842
2625
8458
7526
7991
9502
1923
2255
7494
7024
734
619
116
7349
5926
2152
9547
4046
9984
9036
9721
4668
1080
1358
4549
7622
9753
8539
7596
7049
5132
3253
2842
5820
5736
5470
8692
7806
9400
4189
8353
7263
1274
1963
6681
4936
371
1885
2646
4775
7776
8638
4871
4667
5671
5608
7748
4089
4028
5454
6715
7001
9167
3449
4217
4960
1843
205
7556
7882
5242
3944
7749
2483
3547
7142
6867
4851
3734
7940
4122
5428
3902
3311
8507
6497
9045
8952
7677
3901
4469
4326
113
5868
6714
120
9091
9794
1054
8070
1996
54
8108
626
2292
2371
2646
2673
3845
4107
7698
7552
651
4584
1775
8276
4520
8929
6053
3202
3892
2389
4907
9528
1281
5383
4930
1734
5708
6790
9166
5341
7760
6503
8340
642
3668
641
1007
3198
6741
4949
1725
6741
8190
424
1159
6833
3827
6975
6365
6107
5886
9478
9071
7958
9856
5196
1401
7032
3865
1487
6838
5605
7395
8783
5925
9081
6633
9746
9817
2930
901
500
3546
3480
8118
4840
185
3146
1792
3727
912
5143
5357
1075
4824
6293
8578
4129
8212
6401
8461
9762
203
8756
3850
7492
4531
2253
9125
9881
1257
5985
8889
2540
6589
7389
951
7371
8121
6355
4403
3237
8834
1336
4088
3106
9992
6153
4587
1753
8056
693
6813
7122
6784
7628
7513
361
8578
2914
3358
8027
5282
1775
2951
529
6842
3062
8246
6198
8268
3504
4335
4758
8375
9669
2880
7173
19
8758
1342
249
3655
5529
8971
3396
6106
4370
6628
7090
9894
4747
7255
2108
3720
2688
82
8167
1924
4393
309
28
9718
8389
3881
5445
2867
3023
827
5216
5726
7504
2177
3891
8422
6561
6397
8028
8317
4586
3727
2612
4707
492
3220
592
1489
9656
333
8498
1617
5482
2235
7043
3834
1925
9525
8757
7018
6364
9164
8505
3565
6506
5286
7052
1242
8591
7158
6302
4668
5672
3805
737
1165
2970
2666
7338
2414
10
429
1143
468
3228
1961
4605
7837
9382
807
2396
9232
6352
9095
6561
3283
6938
2242
8761
9781
8234
2315
8061
8843
1168
8387
9886
5432
9752
6108
3646
8662
7820
8853
4297
6449
3811
7604
1566
9330
6298
8003
2750
6938
237
8801
7727
916
7571
7944
493
9821
4067
6943
878
2847
2822
8629
960
4537
3434
9022
8258
42
32
9899
6284
6284
6516
4113
2283
7118
7751
4092
9821
5114
6554
9821
7765
5
1224
9502
4044
4868
464
6934
3956
6444
8798
2551
1882
2386
2853
7733
3608
4353
636
3649
932
9401
3890
5540
4984
6613
6303
6487
9614
789
4136
7215
4696
1786
6494
4790
3578
2608
8788
6788
949
8453
2300
5773
1584
1720
8957
7539
4757
301
7922
5868
613
1516
322
6639
7257
1529
9527
9400
7814
2367
9421
859
8028
4550
7962
6293
9643
4
5908
5886
4578
7007
803
1914
8774
47
3508
6286
8908
386
5991
6656
1347
234
9655
7384
9665
49
3635
1379
2808
8572
9245
1462
564
1981
4382
1791
9940
3347
7379
9398
994
3549
1241
6371
7441
4219
6913
986
5842
2981
2319
9697
1923
1349
3925
7618
949
8335
6679
9963
7304
4113
4619
8659
1909
8773
3727
8695
9479
4131
7126
1331
9447
9443
5792
8124
9027
5473
9813
1897
2715
9641
2958
9586
8727
9874
8433
7457
4056
1223
9495
2325
3754
8608
7435
4646
8194
4399
1489
5107
1018
9991
720
9494
7366
5255
1741
7497
5810
3923
1110
7649
5050
7155
8520
6920
7301
5285
638
2426
3759
7438
2823
3030
9314
6702
7073
9076
2560
2290
7720
7221
416
7826
9749
725
8866
8298
9237
2893
4593
9878
9751
6997
9396
3879
8609
6871
6896
4450
8096
1376
6990
3864
4746
1423
2852
1440
8179
4895
915
9039
6391
7234
5917
9162
8970
8979
5824
3683
9594
5373
8900
2847
109
8922
8653
3512
4333
2947
7164
3934
3052
5751
1112
5288
4310
3447
5957
5304
3874
8157
8575
6189
4436
173
2229
4162
2658
4612
1572
1731
6785
2077
1487
7360
2203
1123
3528
6938
7503
5872
9742
235
3238
9747
4786
4962
8285
4016
584
5340
9076
7954
4759
8526
6754
4060
2300
590
6450
2893
8098
9969
2302
4913
758
1903
9974
5092
5722
4899
7789
5073
1016
7518
9329
8041
5136
635
7637
6399
2464
5934
3020
193
7152
3062
9956
7105
5655
5889
2029
4513
3981
4063
8613
668
6685
8302
5217
4049
5478
4388
3033
4347
2496
9500
4145
4668
7382
5991
3616
536
6691
2036
7295
1629
8909
890
5727
9185
777
4337
9191
9108
8537
7921
585
2868
8745
5171
2528
9343
3570
1299
233
7298
6952
8135
2970
2864
1719
2969
8835
6463
5413
2864
8496
1261
7363
1597
1976
4000
2293
8129
1573
8890
3180
5580
1856
1403
9709
864
600
9712
5888
1252
8735
730
3926
2692
1154
9834
6311
438
9042
6552
8520
8632
8275
210
3542
5972
6433
8209
3025
6245
4346
4344
6152
6580
6333
3782
8749
4139
2764
779
8692
5850
448
3222
6541
1976
9994
8829
7532
2801
3521
2166
9281
590
1661
866
4201
323
4271
3962
6369
3729
9227
1921
8130
7852
3955
8872
7693
4326
6721
9281
7539
8890
7808
9772
5794
6117
9096
4269
6312
5903
5124
2654
5669
1384
6290
3440
2913
29
4646
3933
6247
505
6859
6505
3085
1800
5927
6727
6593
6503
7034
6600
1329
2583
3219
8094
8855
6929
8767
3358
7151
9219
5407
7812
8391
1304
6388
8256
2722
7542
6666
4223
2808
5073
1102
2229
9886
5357
2446
3605
557
1585
6811
2435
4498
9142
3549
9104
8626
6878
7124
7909
2423
4402
3046
923
3803
9572
4026
5463
2319
3955
9695
4355
4873
573
9753
759
3881
2527
6378
375
7782
471
4985
4246
7289
3323
9746
5416
9877
1218
8058
9141
2850
8352
2764
5273
7045
8687
9573
2232
8509
5144
9561
6895
8941
3025
5408
6182
2737
737
7424
3409
8847
1487
2647
374
3915
3033
6102
8600
1238
5088
3093
9858
2468
8047
1191
3936
7481
3805
8619
9271
9360
2424
5323
6053
6840
5458
9925
6403
6731
6904
8708
1559
8971
6204
7818
4453
8923
900
3564
9878
4712
123
7754
5137
3411
8150
9577
341
3292
8017
6207
1993
6347
4952
4779
9562
8990
8802
1870
1156
3547
5543
9386
9276
9776
450
7381
8921
6047
2145
4714
1459
3743
6041
748
5796
2337
4823
8040
1164
4848
2529
9414
1120
5427
7579
4171
5762
1715
9622
6607
7468
4564
2131
4022
4869
7650
5589
7453
2518
1480
579
7250
8486
6112
3613
2384
9441
8578
6918
8422
3640
7243
7328
5363
9714
2508
3286
2865
9617
299
2850
7483
5247
251
5551
9051
5846
5139
4856
100
3359
6125
2799
7257
802
6189
2490
3097
8060
3932
3384
3272
7103
528
4050
8523
6803
3385
9996
8703
9226
6907
9338
742
5057
6227
640
8719
6691
6376
97
9313
2232
7664
4153
3812
5322
4860
5014
8252
4824
1457
5329
2498
2451
3011
5691
4385
4037
1599
6562
218
9506
3302
2195
3157
6823
6546
505
5268
1839
3638
1667
6021
3349
8902
9252
6069
8115
6095
4052
6012
1224
1333
9716
3432
441
6600
1215
2297
3294
8994
9611
3862
4605
7616
3471
3515
6132
7642
831
9680
5679
640
7794
4263
5322
4050
5077
7105
8145
124
1288
9597
8819
8429
422
4926
8852
9795
4306
5752
7297
9733
9436
9159
4655
2269
3027
5884
653
5855
8549
2885
1400
4266
7234
984
3244
4105
6047
236
8839
1622
1302
8020
7658
5165
3754
1208
2122
969
664
3585
9555
5005
3097
1585
6795
3105
4356
4845
4964
7510
6016
6713
5915
328
311
5918
9102
2879
6150
4922
7675
4370
6226
2148
2979
3385
2148
714
3373
1053
8501
3097
8951
494
341
1480
9591
3456
6100
6273
5631
9731
2387
718
7295
4110
9733
2524
7893
8344
3040
2318
7231
1874
656
2897
1281
2340
570
1031
6338
4754
7581
6915
5537
3467
6612
9872
9013
2943
5945
7261
1857
6650
7795
7801
5558
4000
9792
7111
1251
3943
6478
6766
9672
940
4436
1104
6552
1219
9197
5173
9549
4702
6052
7187
4629
3577
7931
7500
5930
7680
325
5236
9087
4462
948
4894
7734
3555
2508
9026
8414
7792
9575
2461
3770
8242
9346
2228
349
3193
7060
9366
8657
7893
4878
9870
3863
700
2174
4530
7993
6041
3678
4459
7372
5524
5065
1489
8177
8538
2286
6322
7529
9145
7324
5118
2392
3626
1774
1922
259
6716
4656
5007
6564
6825
3711
1879
1388
8935
9264
9684
8440
7581
5398
5237
2684
2239
6423
7701
9499
9561
8328
6137
8889
7332
7684
4230
7256
1943
9420
765
7630
2109
5768
245
6952
8351
7067
4563
5127
3311
8709
1015
1049
7776
1747
646
163
1748
2865
304
3226
4292
3807
2318
2033
7030
8193
9498
9548
4190
3856
7418
3683
3395
5422
6666
8466
2748
1943
6517
4941
8999
7122
6224
8497
1078
8167
5971
8550
2295
8699
6405
7536
7151
4551
2339
1253
6002
6199
5964
5929
833
3598
2572
4068
9184
4342
83
8645
8611
7621
5425
5985
4052
2011
8001
388
8148
5736
3631
1143
5804
1323
4151
9202
3854
20
5116
8489
109
7211
2385
530
8213
5610
4023
8983
7865
6981
6548
3095
7160
8682
7356
375
9242
2851
9183
6565
3164
2489
8383
7005
4838
1522
268
6260
5462
1915
7181
162
5259
5904
2077
2205
9711
8392
7264
8080
913
5774
6929
2522
4943
8314
1561
867
5069
3023
9150
7401
8020
9821
5990
4089
4010
4566
9078
4058
4441
5070
6091
5987
8511
1739
3220
4252
8226
7964
9770
113
2381
4646
5773
6771
9724
5898
6253
265
2224
9970
1794
9237
2127
122
408
3569
9419
3211
250
967
9293
1522
442
7008
4366
6288
6234
6564
722
8139
4458
6448
6385
6849
5214
5094
1123
8412
6363
3662
9224
8801
9454
1514
6273
5827
5386
4328
6062
6900
9788
3008
3077
380
3468
9389
1836
7874
5202
8489
9491
5575
5075
2000
1841
3810
6679
9639
665
2470
2152
1813
4440
5183
5592
6239
8574
651
6335
3106
3399
9238
6096
7321
4149
9102
423
4719
1420
1574
834
7758
6425
6293
1705
9094
4256
4798
6827
7881
8593
298
5334
9363
6117
9793
2483
8183
7051
1304
4860
8468
5241
9893
1178
6182
6209
6126
4255
9593
7331
1935
3005
1897
6713
8041
7137
1588
6403
1112
9408
8401
9966
7981
652
4890
8675
8411
3186
3893
8074
5965
8964
4065
4026
3828
9614
3643
6910
174
7639
3599
565
1185
2006
7580
133
6696
8062
6384
9005
3924
8632
3715
3878
2372
7531
7696
7942
7215
7595
4974
497
4062
5915
317
1419
7671
8080
9067
6718
1044
8851
7526
9925
6385
3154
588
9891
6756
7957
8846
5715
1112
8472
4563
8429
4722
7322
8296
7137
7380
9104
2998
3763
5647
8086
4444
3187
8003
9939
459
7287
2482
3992
7137
248
6659
3622
9244
6342
2227
8441
9248
4329
1381
772
4084
2341
3802
618
7415
2728
8508
2662
6800
8180
4772
2392
9731
7684
5835
8621
4815
3596
3838
7513
9060
9521
1258
7220
9266
9202
5239
4206
4092
6066
5634
5632
6156
3283
2354
3681
9632
1041
6779
6145
4114
1752
6929
9878
4213
8610
6660
6880
6379
4785
8394
1931
6835
9558
3931
7761
7632
4651
6006
8057
197
1091
7376
9664
2669
3772
60
1426
5399
5678
9238
3109
8414
243
3322
1731
6710
5987
3986
3090
5570
650
2108
8545
5299
5560
5545
4017
571
5382
8626
9773
16
1968
1318
6520
6859
2835
9038
5858
6080
7460
3729
3462
921
4618
963
7203
4043
441
3848
6117
3113
3868
4695
5455
2551
8302
3833
6904
4087
4725
8225
4015
8911
4428
69
4476
1804
5260
3147
2836
2768
8822
7679
8216
7814
4415
6896
1611
1126
3832
3755
4526
2948
7193
5582
8474
4723
3434
7743
3674
8855
6430
6773
8402
7176
5948
9028
751
8739
251
7926
7933
7050
729
6997
6623
5435
1336
949
7182
4958
614
8958
8017
3175
855
4919
4742
4684
5169
798
2570
2001
276
7412
8874
6847
3524
7605
1943
6899
4964
3541
1568
4866
5937
7590
3870
6922
2280
7206
5745
532
8101
3157
6706
3894
1273
1333
4773
8133
2631
1770
2606
3239
6171
161
9820
1366
9255
4044
6726
1297
8268
5515
1473
5836
9233
5111
6571
8728
4483
4823
4263
5246
7609
182
7365
5780
7267
4620
4381
5394
5039
6120
2984
8030
7607
3551
5004
995
9594
238
4674
2016
9509
7660
8773
4733
6734
4619
8808
5865
2813
7693
5045
5231
8968
9154
5614
5686
297
5311
9618
7079
2270
9339
2110
9562
6428
6580
7852
7417
6177
5535
8157
6038
9269
7260
3407
9496
2284
5639
3275
9728
107
618
5021
5579
1300
1584
5889
960
431
5524
9831
8025
8967
9304
9890
446
1423
2115
8082
5852
3839
2434
9548
8821
3231
1630
467
2082
9134
8206
3782
3715
4127
1635
5238
3446
5553
6529
6545
5510
2570
7502
9968
4283
8367
4051
4217
2431
6466
4271
2962
3793
4809
4923
5155
7346
1815
7752
2918
6925
3321
5125
9342
1412
3103
6380
9409
1397
2228
2972
4628
6347
6764
1681
4769
1089
1562
6799
7095
289
5195
9006
575
9819
1842
2223
7030
3041
97
7869
4540
8591
5153
5215
2327
9064
7886
4826
805
4571
3553
3219
1052
2693
3259
689
7616
7536
9307
7345
6704
6424
7933
9619
3005
3630
7664
8946
7177
5222
4433
4513
1015
4203
4025
7361
9957
4131
3504
6543
8323
6205
4636
5146
8287
4870
1498
3682
9374
2218
8200
6108
56
2488
2444
5474
7057
1695
1461
5127
5856
772
2076
2440
6654
4246
4182
7310
7164
7176
6521
9152
9825
1565
7176
1014
6687
9155
7757
9320
4737
3701
5874
7253
6179
3476
1532
6575
2190
6688
5205
9027
9583
5281
8437
9046
3842
3554
8395
8923
7376
9981
1789
1778
8434
7537
4858
6058
8609
8895
136
3799
1260
6677
5984
2703
5301
7889
1634
8526
9512
1736
9045
8041
4169
1231
1935
7103
3545
8917
9758
60
3733
2388
6769
2503
8795
9676
1302
827
4953
3472
1360
9155
6708
9980
4900
7934
4914
5907
3792
9827
6356
9384
985
6030
164
5074
8128
6103
7719
2275
9633
84
926
9841
5239
7189
3471
323
1583
9773
6779
6104
1767
1216
2876
7728
1027
5016
9133
7150
9276
1314
3542
7141
7397
5925
3330
4880
9788
9442
6286
6878
3720
7543
2065
8842
4117
7822
4835
7017
4426
7107
5579
5036
3507
7010
4889
6901
4768
4719
348
3878
3801
639
7408
6804
3356
6995
7528
507
3557
1157
629
6348
3336
8522
624
9441
7774
7640
1690
3730
4314
8097
509
3567
7879
1694
1565
6029
1232
5879
7937
3646
5707
4430
5481
2233
9219
6571
9931
1656
5952
2146
3517
5744
9397
4225
1201
5660
8166
8485
6792
2402
6164
6685
7108
7111
4695
6822
1263
5998
9943
5589
8209
8347
5318
6307
418
4566
669
1714
397
9387
9842
5950
9084
2015
4323
5711
8870
7405
2594
9531
3570
6350
6268
8536
1910
9094
199
1791
4193
8171
1752
4876
8705
1889
4607
4466
7729
3057
2303
5467
5075
920
3790
1309
3830
6331
2997
4089
1940
5848
2548
4589
6571
3160
262
7720
5830
7409
2540
2973
3047
5576
4648
2513
3843
4948
3576
7823
5289
7117
4685
2107
513
3314
3640
5092
9550
8506
5296
9746
5071
4899
6674
3486
1111
4871
9253
577
871
8076
5800
6837
2677
602
4059
2423
8460
2263
3303
4430
3103
1150
3051
3334
5515
4207
740
1189
824
8016
1319
7039
1323
3296
4814
8388
2059
5740
3918
3206
7246
6619
8753
5481
1856
4676
6516
7459
9040
3231
3807
9396
9334
601
4076
3455
9172
7649
6870
3429
9017
8735
5488
8963
1868
2804
638
9714
5467
141
2980
9932
9343
9361
8650
9678
9500
7290
8760
1241
4722
3152
3172
4131
6579
7265
2533
8218
2866
7949
8514
5273
6372
413
6860
4451
9910
2563
4533
7819
9338
4397
732
1606
7647
7971
8791
6089
1083
4304
8443
6492
3304
7902
9738
9696
1705
8394
7769
2764
3848
1446
1485
4467
8253
8317
8450
3890
636
9537
488
5221
7244
5904
4346
3945
7488
9333
6540
1292
9651
2763
144
5905
5941
1965
9061
4175
3228
600
1837
4857
217
2514
4074
6376
1145
6915
5460
5509
3492
8641
5945
5523
2021
6331
7393
3128
7527
5019
3357
9741
