-116410198
868863796
-221564061
893911115
2144769820
-1622786028
-785608201
1400847156
2131997141
425942319
977828854
985568694
-1870068119
-577282720
-1198437001
14855364
118271878
552051798
2129937408
125419639
-58608072
1938617482
630455152
-1114654431
683029352
760499310
-642558690
1603070369
-1287420507
-1022106910
776285505
-779214088
-1323983066
755955435
-218660207
-135140068
-183848945
479880870
-1411976146
1363147020
174895347
-33603206
-837699135
-112386012
471503258
2042087820
-2060486176
684688562
-1135669245
-654927753
-645553481
196847560
-1018201172
-735126724
-486135581
-721647533
523036944
-1840260745
-1392455519
77995884
-2006541968
466959316
1582130471
937610733
-1226532138
284214720
-1881701807
-1261334713
1152246870
-718703006
-806693760
1905526163
-936545642
-1743305524
-1658260801
573092582
2064525457
430041965
-2030029018
94303208
-1527940969
-476285238
487405955
-1376284761
-425649769
167676781
1363595318
-539103064
-607368032
-1583900899
1953413979
1167285055
-1991936347
-1037606578
-281059794
-64572128
-275443072
-2020954405
-546231637
-1062686155
1440956217
-2057179918
1144562549
-1917486415
2067361415
478353231
76027896
-39182748
-1773013098
686247340
-798064943
-2073204399
-1350069750
1423428727
1352602220
572059005
2031287619
-1171964731
-909929490
927487497
-404400158
1198493574
-151693226
-1583196286
-950932596
-46934022
1977058270
-862989960
-1415417619
-1749493405
1636767655
1414198605
-1612902400
-1488307204
1048294804
-1313241522
-776757108
-1430414039
-648135051
-249395449
940044017
675016431
1472769640
369158098
-1528231644
1627183781
797236091
-1204155727
262789111
1833507563
-1252656490
-468176803
-688813923
-638320421
995298967
-204070242
-1180005779
1187747966
2052498878
680177629
-927128346
-1182654334
316836172
1041746935
1456400882
25872681
110904166
732588627
789612655
-2104562045
-26108098
630547766
616022762
1405108702
1086490483
-954005931
1650167469
-576743811
1222633144
-526515029
256155387
-183024247
-1006276940
-1467217011
-1188765543
222518596
971925801
1008803578
114076048
405868420
646182743
1133801783
614244657
1703023454
-1188731998
-663454309
-102783911
-2089292256
-1561237134
799112359
-416798218
1454790533
1384224602
326272345
-1249842231
910896419
251080571
-1912934463
-1527195795
2138941735
-1739904470
-1263874860
-1693545577
1590546501
768163536
-555841665
1056957854
1151879913
666375954
-1918958849
256271166
-471720526
481234993
1561643631
-523150184
-1588398816
-398709070
-985258590
-1038394756
-300156789
-847042495
-1864292558
1783106795
1016354902
2007541714
1934624729
1934403031
-1447818395
1097543688
1281843967
-436429780
1432907723
394084314
-2065487725
-1544479981
-221920568
2085264755
-1394583523
232890740
-1060920334
-636687526
-1580279532
-1184328259
-1134422095
-139334701
221774956
-141110814
150453487
1079514756
-294931597
1919249316
-901699056
-1303616422
267315165
-498778860
-1194023648
-205621843
329539869
855634266
-1004754101
-686917983
123253493
-938042958
3079057
-924162608
-337596080
-1727656265
-1057154887
1571201317
210912591
-979787292
716600966
-1013457654
-1865613407
-34020522
671335976
-202184251
113835031
-1582989354
-716827147
1696131871
1261955702
141196055
729528408
-159586746
-1112715121
-1064416709
1763190281
700041716
327178637
850236059
842747774
1010717903
-752171379
-1782804281
663228832
-1150910957
-431106957
956918731
983613890
3163245
700394235
922351796
-62126898
171181866
781003022
-1243368878
-1582078527
1097256336
-838131114
218425662
1599102808
766451852
-353672684
-829263842
-1070346997
-2000987508
-210368720
-1120057305
-895551686
-1408069202
38342033
-1211624989
2124721830
558333978
-184608593
1350321716
-1409537246
-2033774933
1876939621
80444312
1486266761
1999791572
-1802110709
1265187757
1159972082
902736065
-1928045628
686697719
1187030818
2123546300
-460030957
-455240479
-1597002686
-1912746286
-1003584076
1324512769
-1364228655
-1167633994
1614005673
-953561440
-1645057829
1747181028
1685187986
-1370244232
-971639958
-1175973367
-1189693375
-783449409
365917501
-1048231519
626049933
-761083036
-821588041
-1464743967
-918310042
494175384
1289445658
-129424168
598929962
-580370033
833138420
-594655024
-366501322
709561735
831374297
-1195593222
-913599298
-1489044471
-1088621487
568016969
-1434691103
1694169454
1737424660
713941917
490126839
-921133148
1488895092
-439252956
2116831277
2044990257
-1058287334
-278928131
1801031252
48114808
-840345612
1143935261
-1936887307
-1033801413
-1841776787
-1906638218
457087656
685679201
31462879
1812290389
848150949
-567418376
1104093509
-90559989
-1024941413
-1111640708
1385963061
-978420017
665494976
121202777
-1920044532
-57148445
1029019433
-1563127122
-930407318
-1037384716
1976434523
-150878125
1170920417
1761438406
-1700007647
-717835235
-829900312
1114164240
-1653972833
1153442656
-1487676907
963898532
1061967783
30197172
278718603
322587090
1349557066
-67263236
297595824
-832750834
1812043442
-684222044
-1488388829
284641744
670605103
-882819287
-1840140819
-627924037
-1228348017
1617767645
-462579211
605162241
-1716016975
-1815578900
-1621113159
-1131550459
-1326678692
1598143385
-300717765
1847420737
1000193868
1341997261
1791037240
1386066537
342523790
-1840323118
-761223265
-1391998000
355763213
1167781211
1708072512
-1442345717
1474440299
233497543
-381321532
277660115
1469665301
804529574
-332737827
1127840815
1971415441
1411500667
547958717
2082408146
1445765913
-1643382845
-1912494389
124590529
111974509
-1545412554
1428295060
1976382776
55632357
217314124
498782463
1985889998
-1822769979
198443266
-419280955
-790430505
-2049809196
1612797405
2016819231
83323913
425718575
696062767
-1866234688
2034821985
-1261250982
965429144
-100190971
538266183
1562392471
566070223
-333755286
-1562065680
1766973819
1537484706
-1219156672
-926655741
-1973126211
1270743867
742539932
108817535
-1649594287
-1350571868
-682898030
1234813147
155979188
1003477388
1391997347
-1008903058
1152498313
-1044808374
-414872461
386517009
815025765
1475144482
-1928403778
-146100478
-1692900378
-1997974329
-1793500020
-2032273654
-1414481910
-473344735
1921372836
242464482
2005396157
280946512
53913406
-1389580590
7156915
2125023727
-1652516869
1869948827
-965335432
890196636
-730274023
1467243415
-1659583292
1634530744
1789018594
312921630
-259877357
-261421461
551361125
-792971990
1029076341
1199862506
-1130928024
1178065213
1663319714
-502497028
-1081932388
-740520063
1096984401
-776089927
1272518930
-254037455
-725296695
-1758323820
-1247525395
-749683912
-939875145
1579097500
1660064089
1326015767
648238146
-734730498
627782587
-2009827829
-110327716
-1002528818
-422328023
1418697070
-132670373
-1846634490
-892103396
-1940984995
-155880505
566949326
838520164
-1837163878
403816565
-1539275779
-268492709
-1655880524
1296307668
-415931169
-1736578467
-1079119772
49175942
114142520
-978858377
160352826
-1525317326
-1599067255
1648404062
-933951623
-2080744040
-1657151599
932838818
-1323003074
-1675210011
-1947015658
-1478652894
-1752536602
1665140296
-864035612
-1470078014
-135870799
1735534788
-411630826
-972110501
-1550186590
-1049143480
-1288660589
2055983347
-4101206
-553949188
203311067
178226477
-1535176955
1697888477
-290617085
-247414270
-2070230558
261444491
-831167234
-718257487
-1040198327
-978781599
-877659619
-1124809996
-1116382663
1248490182
1493474008
-1520974989
-181514480
279027906
2024768462
2089132413
-1196472529
-277264429
-1386189302
1995109877
1330583773
-1031764735
1358528903
-1777045622
-1014923925
-578726352
1038904309
1551211562
1449725849
-1469594955
-1618239555
240014776
-1893708744
-2028308182
-1635647677
2133706235
-1375766256
1306457733
1224964202
1879913946
-266365437
703629927
510481500
-1964237882
-793199502
-393032527
-1540014198
1769610614
1190957278
-1973594019
980569586
334690522
-1242322222
-838344822
1765506975
2132510793
-621865216
-488969000
969640310
-1282517508
-594716758
1616569846
118613550
410612415
-1302034621
1812472696
-178949216
1876329444
1515815253
677917165
-536010688
893467771
-1094306395
-13004752
-1135121173
-2111851071
1041205652
-2064351490
-440285470
1293114069
-2089980985
-623856183
-2036531690
-1226810447
-944898550
-273608501
-852730971
929356631
-1176045199
2094238813
668015780
1897418058
-1181306688
1513431432
-1674816226
2082387519
-672639732
-578922532
72187741
-763182060
1256546466
-1907974016
-1583072409
417657089
-979874778
281661066
-607124789
-1457707507
297988607
-838057840
30463133
-1708158782
-2062728206
2065665919
-1698161218
-1983078365
-1833486579
704829098
-525770400
1654611166
102959557
1387718950
-953260600
-282292035
3885154
600836180
-598021802
507015522
-469093478
475262910
169354178
1255129651
470707580
1045187110
-97478745
-1435721326
1412632719
795010012
-1955006395
-1233226415
437228859
207498832
1618683778
790604389
544614758
313125095
1371836466
1513831384
-627220895
696320785
944332951
-1072745212
547115269
-1341453413
-1688049365
-1424448771
-792809447
1209057601
-637295716
-1589073585
1235764470
-217016185
874882583
1579789801
1855316589
716524232
-130251063
882298967
327409128
1664991887
490402722
1243029559
14710479
-276367068
-733445541
-1458485531
-1477259220
-1336043158
2050915514
2032375928
2022006929
-1933149208
-1469141740
-1053310990
132971577
-196456412
-1704202477
1554545330
-1082925716
-1069414601
1539606713
1732450093
381833000
-1561930850
555388836
1783999197
-598417923
-71183795
1141300883
1385575288
1152004920
-1102794487
-990421208
1790842725
1456537155
169207287
838970351
-1267156629
1688244299
-365933457
-642822498
1744507819
74255907
1100954389
1163468446
-1115320880
330456168
1738368810
-604273718
2054193796
-1539364380
443427103
214278518
-797497307
-98845641
-710019477
-2076070478
-1459892040
1979605684
-414178147
1209333966
1648080157
416920456
-749909580
2017093921
-1323843708
1194260257
1114033582
964849414
-629470945
1217488332
1100579166
-1873824473
-759234791
1198332832
1998737026
-734523139
1123574470
149874330
-191539948
-911902826
-1424516838
1394103049
-726070816
1040906905
930741599
-1042441684
349973078
1778258311
-1070519518
1239504664
1568053665
180663107
1394635630
-1573116449
1381137143
-1897069612
-1621102276
1962709230
-1199825613
1334549096
1264054569
1508765879
1292667808
1577690011
1459527785
-151314033
-1530144746
758932473
63780603
124531672
1189442123
1343479489
-1549725410
-1114867102
1840914530
-1194941204
705719299
-751265010
1166044360
-1656942484
1610725827
1940555188
169712960
954101688
1389346962
-573344442
1236174651
-1526274680
-1506543307
-2131599563
-1596402324
-2003500835
634642609
1461155091
645042844
1214927172
-1746587324
959159417
647433658
246053722
-517458280
-803405526
-820155594
-1858563694
-222908106
-46127752
-1445562482
564835637
1595473208
453448934
-1455648984
-1377287254
1828352066
891723022
-1415991454
-517532681
-705617229
1448849604
-1940585241
1027639431
1448908822
-1199482500
-1806005436
-2069923539
-1147012386
331995880
-1633381958
563362152
524541778
1911811301
-300402347
-521388312
-1832992314
-461426793
727924797
-1753273263
955429899
-948879918
-1919242677
1832600638
-378147288
-143720005
-465619233
408389768
934491721
-1744556113
1044734960
1626474951
2121421815
-533918878
-1123230109
-1530582248
1066926729
1842666315
-720148576
-1677271520
1389237977
255700543
-1243260829
1882266449
-1952723909
-647211172
-929646385
-341632405
1803644075
-16923608
1965901256
-1979773114
1311361093
-914812679
-1928005759
-450859315
670511097
-1702625386
-2009211565
230883405
1096345470
412464158
-48536880
28524271
1588675206
-300032984
2125091352
-1746612349
-60563148
2027201579
136587114
-581693826
-467222582
-1018552544
-648312323
946076230
-1960309337
1527907429
-1171849711
2075786668
-1153040529
1683154916
-201579456
-508731719
-743108469
1850626164
1882135065
1048073644
-230397996
1709789310
-1536241682
1572147267
221729674
-644643613
-1219467283
-946789063
430313610
-10183139
1229517421
667302928
-356036416
1629935524
-459924598
1544482064
1453798617
747045266
1703648755
633019790
602385725
1040777353
-305885439
2054642801
1299281468
-1914050604
-1256925172
529466098
-1279515769
-1928916532
1812492538
1093213602
-2100891935
-1082926468
-628936680
8151473
2135113237
-522329976
-85114068
-252267924
1611469866
-1501958070
1686480330
1629027079
303882709
-1322123971
1463101670
1351639196
-1209964242
191810974
-305012822
-1776152461
-928536410
375274576
-1167325815
-175165821
-2069757640
-1388235521
-2009419372
-2081773511
226429919
-2141532536
-246420724
-2144145545
-1651256761
-557045864
2023813943
-1029840418
1201954502
-583079533
-1805068169
-1490722736
1251006349
-1459972682
-2034719081
868702896
-1243834086
-232849281
-1687566232
-1999350805
-244841487
1585487691
-925077876
97755708
-1156779638
2135526465
1026887569
406122411
-1822882675
-2008259474
-513190591
1182449366
245385276
656696369
-1348596937
-1560152077
1951781680
336618969
408740533
-1857633772
-616603321
-181623156
-482205771
1606888621
284432604
-1198951062
-1724939459
464022867
359001913
-790941455
-921499913
-1437878842
2067292233
-1788725598
1646607872
1548478001
983461265
510634213
141324032
355311535
1369774177
785788713
529447802
-811631855
963562310
1306793039
1305405540
-1077909538
-952670526
125200200
1119132666
-406947942
2034230590
512426492
-2087050034
1870698827
-1640248769
1152490093
560406051
171051320
-657862440
-333823460
1465943420
-995198733
-1960538785
-50202709
-798222993
-1707461734
13563491
1881419459
1739454910
-2115911079
801900764
149058103
-1203425113
1922094386
-1741685852
21070953
1465658746
1185444864
-1026771418
1911398892
-1727491988
-572998728
-1113424300
2137901674
-858912853
1300409330
-2116480546
-439864376
-817517134
288016552
-1433100640
-883405945
346847453
-1244818372
1094536795
-457643411
825266239
1752376767
-1979229785
-592732572
-1191274061
-1569759377
-973810136
-1106235743
-930261711
680561025
1567208448
1234025992
-558425758
-27896543
452828804
-826200114
51774837
1466403766
1086239793
1473950304
-1525613517
136113770
-1110226464
-523332478
-1336624047
1314654697
2123902265
2128332987
324381188
-563805592
1362893413
-59983120
1227627994
132291560
-1414506233
-1770169265
1525042376
649855675
-2133740436
1979418990
-1970791041
-853796793
1898726144
-817549645
1419935490
-1860548599
-487608061
-2043031819
1643189372
-726849315
-1009712515
-192196509
705055310
1783590523
-235798417
1146368933
-2013583256
-1740378300
95798602
1756862784
194606553
-1477590466
-1460855644
1806809406
-372506200
578664797
-147019223
-1048202995
-1349901084
-662258684
-347468849
-241185881
808505849
1528743370
1801218893
-393107469
344769861
726306176
-1578093875
289399146
1207872234
1674451059
1787091167
716119805
-1369747995
1381809646
1676081073
509127734
-860412833
1808228098
-827841667
-1362296675
-1301426877
1534056072
-1818676158
569170268
-1683270896
-46865050
1781724854
1667746085
-1262073873
-1166401774
354711674
-38182317
-1558769913
-1423730092
2063426447
-1882431665
636086032
-1433048497
626924808
-1778553547
904825382
860038081
-2122409215
-592610122
-1939769633
-1185156471
1685595599
1261288767
-900188513
-1696332951
-1815250824
-707942821
-2057620182
-917223923
-630197147
-545934507
235732346
-1964651700
-348660651
-1665157855
-1320685614
406733740
-1766798699
-1104683397
-1457994478
847733291
-1166354835
-1023414704
-1299352755
-564975812
-1886118691
2105547869
-592099432
1162565647
1374003337
132623382
1302874404
-339040747
-1851149071
1566132680
1765357967
1013074627
905013476
87922177
-1957247370
1110907797
1643226166
2008580911
-883572658
-531801515
337112240
-1419482746
1990683252
126535068
-1317927352
1380971815
-300140415
1135259033
1894965905
-865447298
-1308324637
1490555153
601002868
-2107949845
-460960600
-1000470874
-2115095264
-612707421
-1483252579
1931408987
1978139454
511138008
444226455
1552377687
-468251287
1953840920
-1969476080
1622762984
-1000784163
-866637582
-1299829003
-1996896822
-925782675
900316894
-1199433283
-633813847
231236538
1383956318
1925841341
1327747301
-1065346399
-201396896
1240459962
1371961492
1328125429
-1203126042
-1194469697
2023539916
-2107402130
1476525544
-855089871
811173153
70361824
689706360
1765482272
-288927892
-264047953
-2136771289
864529631
609433550
1762030465
22030503
-1246449451
1027376372
463444022
1587704241
-124488811
22340763
-1784983788
-1505396184
-532214483
-1510939562
1099138374
434668670
1667094459
425767567
1851977095
214974039
-651495612
-565875765
-1993212390
-128444053
-1797190968
664238129
1900108285
464899760
-1328260463
-2139701940
-784000675
-338726985
-1066395701
-584734705
-1729649332
1779870294
1569161561
2031899417
-33416528
593633926
-2016149019
-516862661
-335320961
870844047
1089379129
1017758774
183409960
-1173667486
-182177075
-1663363128
-789833900
-1059131579
795448224
1562646761
-1729065522
-480642891
-173196982
2091153746
-373808450
-462489721
2014459986
746401598
-779946467
-992294321
-1971267652
1758253427
266595172
-1346471418
-1850822682
1950822275
1053398662
-2126555674
478765716
376941135
32801824
-390960744
-1643364279
-273542964
-1483910929
-662261359
-2093322536
2075002121
2025866370
1534308793
-360946375
553987440
359359280
648565325
1446564000
546092619
-1522062517
-1508890875
-244435253
1342629770
-356421227
2021885048
328460699
1077007043
-1958407950
-1340536897
643702758
-83600007
1428185439
-451578791
2104117131
-1405408352
1206364706
-1704915890
43377862
-932499872
2018509635
1463273110
1393791684
770169625
391273018
-1791227974
1584855418
321343143
1697484265
2053750971
858377393
-1339105050
-690367028
-1243473869
541665381
-2143884168
1324279918
-1956249158
84663888
-698560827
-719219426
-1780979829
-1362655040
-1473878974
2023015650
1669778022
-1045203279
-1022720778
-58386772
1099004855
1659225367
-1016707782
60132043
876271095
-721929862
-1149305152
-948506204
-1120463023
1770500552
1957520853
537596321
235717257
-1717944986
63844074
-104875928
848275993
589640583
1087965264
502082384
2097088924
-1548887359
-934876094
-859395312
-1447997073
345273821
-192728
-2044526919
977176725
-1505572370
687992346
407779813
215247067
-378244700
-1751760478
-1317719504
829266236
-1033858591
-2069636923
72243175
374844038
-571358323
-1710186428
1252713983
-569787843
-156088666
-274441697
-69821112
-1274552386
585093786
-65812134
-933527838
1403897767
947623896
1571575299
-333301265
1551704438
1952466596
-330863246
843006090
439534447
2008100650
1658659538
1447540726
-844126013
680709846
-25046048
1963505690
1693527534
1900961506
-1693264398
1563332141
-1373229216
1896298544
1200779067
521205421
312798815
-1136517031
-1250713523
-994803051
-1805656021
1726731269
-1155890722
-1621058610
1370868578
-292724100
-622970162
-903029531
173791142
-1087230339
421909096
132100093
-1159302276
292333646
-1509334296
-643602169
1029715063
-1323035372
-42635204
-491368655
850138517
-593037468
744908558
1720535452
744667112
-1356665575
783190018
-500685999
-407860872
1515984487
-1491549380
-1714316684
1370814055
244013616
534726692
292859578
1396770902
-1511253098
596954477
441705240
-153741305
-1594411824
-1291070126
-1266260292
917206339
1909607233
1136095778
-261465792
-1685313282
-1906847546
-1347072257
863673885
785135032
-510835121
2104033505
1743385437
463927845
1956811696
210559969
1179402132
-1655793137
233736377
2048723124
-541963504
-1995533957
-284566653
533001844
338384975
1432475147
996882444
784417958
-1461497935
33499810
737948934
95572344
558592622
-1343977139
1665679851
82679882
1931921609
630507360
644080213
296709231
-1254965371
1766381535
834390667
-161014732
1186441368
721965088
1809887582
-378290144
-623635682
-239922514
73263926
-867681667
-1206833520
171983983
385229415
-11457769
989703477
-1508577272
-981286711
-882910397
-730867241
-1768490113
-915939706
2080990754
-655960902
-1085844446
-1168651723
-140926682
1099836361
-419924825
4095528
1294829781
669401618
-1570461292
2061408001
-1065273907
776419956
-390481952
271490955
-113664505
144398743
-1545221670
1411302854
1496491615
-49736933
-2067020214
1985760579
249448531
-82561517
1027831253
1177113266
910807051
71363764
1361844901
-290147143
-2127923560
985301833
723410504
-1463339514
748870784
1546332778
1656011225
-296211289
109521018
-2012141460
-399524771
1122849432
1946013301
1957768731
1974326126
-1244755043
-1665711394
462209702
2139388445
1246737490
1624710690
423557850
1304621588
738184831
-1471318926
-1676611693
-1094391045
1370365617
17262021
-1682266258
-532825059
405475077
-1035326941
-86218813
1737167946
-1514935482
-419684833
453484754
-1784134658
508938810
718508964
-974264005
487163330
-108709831
1469803252
1019198643
-1304893230
384661246
70891502
-651431436
1904525823
-1923914047
-1088096369
1024203765
-1096169770
-141202300
-306669126
1440303707
-1520355582
714271149
-912137413
-356000465
-1654802450
-2007295788
1370123273
1864392656
1606928046
1789682654
-1145717301
22454058
-772479969
-1916106934
-1088694627
-373330137
-417145012
-1102899510
-1327328237
1423496037
1672667667
-442681579
-218871171
606043946
636888072
-1804951301
881986668
1890050196
-1386715240
1358774713
-920361355
459287316
382903665
-765064050
1131778868
-1690036963
1599244833
1284952462
713845651
690109719
141142525
-2050347595
588224332
-1373738599
-211710141
1676798014
814530987
622532824
-1996487038
1545425205
-1518872936
-756542631
-753316551
-489786037
594709460
750450158
-1362884930
-196199703
1605155459
55699167
2094865249
-1535329146
-1389212439
-1838159258
-523770415
-1885572035
285459576
459639392
87642813
107744409
-1776116726
1565508930
983750334
13363891
-91551126
1776449609
1824284275
-1335245441
-1515656936
1362278645
586849517
-104997278
762168141
-313994825
1689345102
-95768826
-854961860
-1366764056
-1284000596
13181042
-408034406
-679739139
1197362490
871931732
-1764588704
-1200335623
518392745
1751884193
-289093169
-2061030366
984077771
-98668193
-243092300
-1762479625
1485064570
-1657843519
2013068013
-783452320
-1371763017
250366836
-797268693
1511953959
-574380011
-19117769
-1768493320
-1867507801
-1465260713
-475122255
-900877317
-1160473918
-1443210152
1129468286
1477111163
200553751
-1594061781
489619594
-805960671
-1270568076
164269698
312715682
-1359349247
-2102223479
-187794605
-501122233
1419227355
960147679
977265336
625682886
228577437
484132615
1692696854
-1341523323
-1043983828
388459286
2112196993
-1365790562
416805475
857121360
1690133087
-933089615
-528674469
-1875602398
-1739124661
1185341941
755483116
-2112963243
1941211963
82922128
-213873292
1424859777
1863141860
-662096599
-2038452266
-1345702465
681201500
127039930
-1709977659
1296524194
-462788863
1382634410
-1088063678
-2055013530
316914329
1189324570
1027280994
269510250
-532273478
-154089602
-75929003
1671619291
382988652
1855361904
-1476851037
-15452750
-545470708
929298880
-1857499465
-1060108321
1950425458
-413254705
-1329946207
-1115987258
1380089174
-223379172
715082263
-130875414
970392047
531795999
1214420156
489840615
-2026012964
-941572011
1741250212
1180753061
-2131172281
1541699996
245842967
-1352586550
-542598841
-192686912
-881199211
-1751974288
1889883270
1765552469
-1783331558
-616708328
-1895802077
-643771194
1281688995
-1256802595
-1342354983
-1927551314
-746354960
-1111258900
922537056
-690856346
1071721354
1931393843
-1554979053
1851831774
-610613497
471412568
1188673234
-1557170768
1902279308
-1151310100
-1999385815
-2072252814
-534243950
1638911712
590315185
-1390234805
585121517
-1272525257
1281028534
-855725624
-1515804150
-94073860
-1042380006
1401471728
1652022392
-825909130
-1278860424
630305173
142821289
1479484827
-1815134581
-72338964
-1713456392
999676609
1475802833
-1382828448
-261066259
-1691922533
1284013931
554995106
2088059584
484854370
-1200136121
-2632188
291287323
569040210
1440665728
2096026119
-2129860316
-712384681
-1708010748
-365006286
641525434
1068416008
-2076313225
1291135012
-458011394
-85078316
-874712746
-2044569876
-434327020
-192627334
-296796321
-1847331688
-871079126
-975075906
1560071472
970207499
-802757448
-878693799
-1593955026
-676710892
2034610953
1484417840
1318828200
949900475
261621499
-224176951
1193143355
-1168952355
-1274240254
-759336198
-954423689
-1945447430
617409650
876577506
-1036964670
-469271475
1928451325
-84377571
-590800260
-1905924836
-1260431239
-1078834893
538353251
-1312869551
-1951165722
838178640
486320697
62298442
-578637137
-1914094278
1335621796
92254444
-1310110928
-2039357058
269487444
-1415060738
-1357722760
-1000953875
1949930346
238972851
1391074639
-25002426
476429848
1008462984
-83447686
-1396637644
-1082617980
-154973360
-297241027
-1731123590
1429875185
828620428
2033815840
-1198049940
1153797920
2116292352
1651817718
450535072
-199659020
-967494014
1656468250
-1919694363
1387396692
1974686740
1163464443
2090400116
1981594452
-1279701707
85817051
1220066661
2061888406
24948851
-922743597
-1522292124
-1739517970
197963077
2103864346
-68270172
-1740345276
1101542679
-593971578
940533779
-1192636738
-1546872411
-1104513455
-372350258
-788223714
-1134609268
845764640
1662508758
1965075560
46801949
1081016641
711403012
-926859577
2030864756
-1820096972
-35835078
-1243266128
-1170361399
1129465196
855502811
-188711353
1058125061
1917528662
-939568004
-1078053374
1645534104
1252433050
840786139
1257701772
-749998711
-48062560
1143021327
1149098987
791969997
-1594628523
1350051329
1384572900
1627522269
181264174
2115850010
-408124003
1084838274
-40829844
-1368747203
-222454140
1947586290
442416290
116867831
550128495
1291881248
331822964
1696927221
1003632900
194170960
1220293280
-1808691786
-389386661
1317212393
-1137573054
-372684928
-890873375
1425292430
-1911111853
-76260968
711608447
709677679
-1647541390
-268154964
1493936890
-1849932581
-841232153
-1230136684
2135281052
326795801
-1201715228
1357858617
2068833812
-2110343560
1140474380
-1206578987
1573624730
-1729651803
-163573447
-1975428516
-1743688362
1904273724
-1568020870
415111993
2121440002
-516506976
-141187750
555477821
-1675725875
-1473184241
-1020778649
396450260
-388812926
-1776402192
-1651395598
-1828977543
140555753
-1674154641
664514578
-230154133
-880412563
1697860939
2018691823
-2036700256
-2028486146
-1379015186
-1517213124
1535359226
-68542151
-911408707
509631237
-1648063560
1440993477
-1566410063
-2122118486
-1210419666
-1120583169
131734054
-1594700758
-1602736200
2015571416
1500914163
-316772955
-762014228
946786302
-532491590
-998661605
-1194586866
-748408775
1642824576
1438057337
1905456072
-516350441
-2051989889
1628549334
510598682
233685708
1028331322
798756089
156863375
-578163374
-828822062
1390240030
-540488527
1168145624
241013656
-211785735
-705180738
1756663129
1872512226
-1368324869
1845750938
2075282058
1739959330
-764957741
-927418360
342330616
1243603508
-2117780425
814646804
-536435343
-1190977546
1078613475
231005139
-1132463453
2134062365
1180788961
-1411878833
-47883005
-1790371770
-823982581
1746930875
-53201680
71099467
1303393230
-1235567634
605155095
-1391339816
51825456
1168964878
-94876904
-332716995
-592436973
-835588725
1569026153
-520506236
-1196785734
941661775
1530785147
1965039046
1618097292
-522909645
-1806891750
1110142906
1672951320
1930384308
1542581785
802464910
555263577
-1112315930
-1563498195
799525626
-24136390
176026792
152654105
1126907281
491235164
-71078888
1811417355
7502681
-1154939627
-257908919
-923800250
-475171426
1144665532
1363931699
773073408
-738302206
-1621619933
481385195
-2002084724
-1813149735
418185572
1014145043
-866999621
863187891
192296672
-670528877
348060800
-1475980231
-451846012
1649999496
-503733294
665199932
-885047730
-371118212
1563606742
-743201270
112874511
970089432
277483580
1222659076
-1191581070
1030945686
-1454077464
1069337197
-1879729092
1845276218
542500309
382468996
725480405
-1454623742
142633270
-1062504749
1673714950
-465187237
961230301
-1742487351
1575546627
-1307221097
-1613640224
1309212550
941281964
2024284637
-1342853767
-621006602
-954971889
2116607328
-823845074
-962863583
1761121841
1378328019
-1594315215
1875093440
-786541555
-1297608932
-2012554487
1667205138
1419178461
685361479
-612108687
1649466864
-1021811817
-1644649539
-1567734145
-131033825
223593914
-167606347
1770314248
-2053439515
-1188300471
-422349335
1609674306
1181169118
-1981055977
1309651853
1519782571
536153103
1858666821
-229682564
-683526358
853146171
553553417
326994100
1425010803
652640629
1152327344
1452378884
2078621359
-1509758986
152246245
1223548675
-707030437
1123769904
1562642483
-82945980
2139179887
977330466
-897286712
-2013514553
-110489917
-987402770
-521603973
-92074831
1625591214
-1586537816
219357199
160991551
393389040
-1870075792
2143360697
-166455560
-1811222575
-665951550
-284811297
1005782818
-2112272247
-1127325684
127609634
1278792822
-777668894
-747309184
537998238
-1723695338
945804315
1582563371
2108691312
-1856031810
1187427087
1321708870
1315998584
-772820422
1837348759
1926765516
2099807071
-1150212329
-1886322645
-844257972
283952603
1676635293
1546274255
1786186751
-1088701135
-1398413572
571561516
-1484925923
1555624955
1750429636
-90338308
639000171
-1745265109
759760026
-1868568149
819894296
-1034113457
-1217778392
-878986693
-1919462454
-424658155
-278836139
-714220441
-1341022222
555497746
-2100473674
897260555
292204135
1780763838
-362710973
-1423950398
-815390414
1016117443
745478989
2141495504
-2074095449
-1312445322
944550575
-795174078
-1370792268
-1537050971
1886031171
-727255980
-1144444035
-430268269
-1594300264
-128245486
-2034401497
-1437125312
-284532511
1835280193
1297087731
2018425068
727247919
235555454
436646799
-1222208290
-1014835998
1478223783
-1827578200
1494809441
1610114909
1864376955
-1123111485
717654031
455755512
609503612
-673274803
-980737967
1662230074
-1379855332
-374184208
421648421
-1338335673
451092248
784009767
-820256990
-1342897769
1999915806
-1344391660
-1603618376
-1570404888
-1885740619
32551824
-1031910724
176329077
1100325981
1046754948
1249603876
1724217192
1213606389
-682165898
1108885006
790957964
1990536796
13172326
-420018426
1878365510
-344410021
547621083
1797904520
-462224955
-338282046
2088805688
-1877209917
-1101376136
-435876400
803459411
-1531442528
1430881472
-1711277609
760617543
410743041
-1075512345
1072403488
-1855044727
-947113395
87879247
-1320045301
502713145
-200973268
-975444754
1665160827
502718394
651872143
1149976569
1483507056
-555967868
-887206670
-562978849
-245347852
277845048
-1587341083
-1006999176
-1614501573
-888134156
1252904135
255121790
1598498309
1303964648
1260001237
-867411141
1957454663
1065180457
1884935266
-995944828
949472521
-774271803
1873950055
-1473058587
-1448449135
-2032900074
-2040543170
-899138019
-1759951679
-289995173
-1500361046
49118156
2080239549
-1053762172
1052620058
1192555626
-1834336560
-1731596212
1896720686
1492817275
1483875216
-67024499
-509766534
89507072
736964927
-2037950257
1676607369
461840944
65233268
65602593
1328849188
-873128600
2049900282
1291420460
766025171
-762995873
-1239950601
932599684
-1450656861
-1523443811
-1286983600
-163449279
-491024855
1553398317
667801932
-943262002
-691151161
-1120529263
-91702409
-941696256
-634923731
1731164661
253857224
1576322153
-1320311774
-290249049
-1043964667
265136878
200785540
1554066119
128741990
409266327
-1509238643
737496122
-296386440
-656068954
1412970839
1358320612
1845508676
663959530
-1215094623
-1309640171
-513230672
1476447316
888161491
-372922813
1214206500
506718666
1454419263
1511355898
-100480913
-1126750661
-1310102359
-664125680
-254480148
843423475
1190002697
1861714204
615463648
-761919185
-1453632114
1095334439
-686901210
1122875380
-786579482
520934052
-1819964403
-2053264612
-1664329284
1443927197
1520034945
1947794352
-631726718
135520815
-952573592
-185255555
901330287
2081693496
1885736526
-1776644639
304302027
1558676046
-1472835005
793950181
-237649046
-1824833294
-2135983613
1556297104
1320054901
-691287292
-1928085417
483405434
1257818480
1428212090
-1397557061
-1632963682
1516429431
-92416948
-1311686591
1604855924
1594152138
1330910130
1976391861
1923541311
-366240628
948977809
-777055744
663978659
-1805637945
-1360807886
-1847040559
111513210
808458675
400463668
1268394361
211978727
-137514697
-291762236
-1822983658
2020292778
-2098167376
-400462070
2003912435
128674229
414786288
2091091430
-326787537
-840371968
-587855992
1911384283
-1734041700
-2019038567
-112720822
-1755399349
-1038665240
1747426046
-1920381943
-1197016604
686953986
1956413614
1069671330
-188319654
-262056778
-251565315
1327551040
708118102
205521562
-1444763096
924946906
1117351853
-1554487763
-786191192
477725696
-2021897259
-1663529924
317758922
1424060119
823382164
-497502585
-1324164737
-1987361182
1743625209
1703383204
519588208
-363543038
-2062112368
2070564644
1697316693
432774719
2041636560
-849535757
-1325948793
1612724936
-1578558760
-874349820
-371820845
158360760
-2026433190
-283740627
185875088
-626834150
368924887
-24848561
-1032525325
1134857135
-633555956
1416606137
1968980385
1852095982
-110920021
2038821837
581741189
-874450357
-880317106
1407180260
-1991855901
466910140
1473523880
1628537711
-954181459
-1260697224
770200573
1568782942
478995221
-1577844991
1937575635
1161174212
1203951971
-608368539
-900923927
-1708457797
-1086885625
-675795265
1761146728
1280871044
-79454991
43282692
1374252632
-571196173
-1577557984
-1539955461
-1608640171
1838197769
944584057
-1859017587
46452866
364066274
-2094227239
-571667650
-2138319172
-1735268911
-560972435
937543675
-1171062254
86631881
-232858304
1371473685
337803125
-83811842
-1764454891
-340117363
1476717995
1642857163
-781871242
-227854702
-1664177271
-312844074
646628877
946196551
611956065
356325233
-2106157007
-1181041464
-1504518728
1942477123
-2003296317
-1348060562
1648012604
-1251398873
-1916162757
332586578
-940026380
-1450399405
978753533
1392203792
1424762297
358218428
-333137935
-924963380
491924452
-538634567
1359176786
807580794
-870513080
527089894
1324026820
847169625
2021394786
-1283563702
2031466924
224463295
-1314965553
247238332
-427156292
997958172
1937685757
-571991679
-164109620
-288893640
831708965
-2138229702
794656240
291168959
-775644040
312550652
400336582
1911094271
-777099368
-984434496
1050947599
-1420078609
365410121
-912119043
1537933184
2041216882
881679720
1335714707
-496943142
1233048541
-899426021
1938271979
-1539694536
1747730870
1427118153
486691931
-1472088921
-692587074
-1032430516
901623502
2144848891
821156402
-1122617883
2073078691
-1998467360
-1450407348
2092289136
-145828906
2018704431
-507348464
-1709317032
-1668070563
-2046060926
1992250948
-320120628
960049876
-905652470
-588193601
-1718485838
-73336997
63486367
1775422694
653792988
-278225730
-1382943208
-469933965
634449273
-1086489129
90290908
1064754296
-883944243
1371963184
-1793196871
1036251811
-197757660
-561197076
-1062965261
-298595645
-1613415421
1725388006
1525382816
-1213703029
-743297887
98247194
722194482
-505142892
1933312917
-603085244
1688352341
-42835032
1387585999
-369398586
1034097403
248490813
1147400908
-1716610610
733318068
-942927298
578732549
-121731913
-1380049342
695828241
-1437731928
1658066096
1889888876
-1382806571
353916042
453297051
-1042201326
544415211
-1533381285
-1138726090
-1676449663
-126488136
847267098
-1960034176
-1150134776
-1916363096
1337548491
1174905173
1978023115
-1183131787
-1462239641
-1730308005
118290902
902425256
1932906772
-1311753439
1744143733
2122565471
1251546262
-1854323068
110387650
-781383087
-2084062716
2058198357
-151527810
1977636623
-451051586
-358118088
-782481884
1381335436
2115319454
-1768555058
-106084293
-2123150369
-117135763
986508822
-1207749397
-2024227770
-229784168
1689642000
1535106515
-1223209106
1161771042
-2124074333
-1294454759
-2010674447
-1274459684
966998463
-451617854
271954975
617338836
-1081670458
585473091
-1757630720
-451617526
196209447
-1702365609
-1765717607
-160524695
-418244788
1996193554
962623342
2098688501
-334751818
-1135935435
839336264
-1527956160
-1253450139
1465060804
441675064
54019874
728748668
1558438102
1376264923
-308647768
601806885
-207254613
-160296994
-365876916
1135899314
-889005309
474665156
842625638
-1180146428
-254773075
694395366
-495548958
-512134096
-995417251
1767611579
2055547955
714158174
1012993986
-1306131111
-2124460665
-1281300491
-2056796456
-697734085
-924620228
1685596404
-1113516678
1963501636
-814307694
-126389086
1187438906
1790110980
219110817
1560807786
1962866292
1147699513
-1419677812
447473407
-1214962783
-726279785
-825966858
-1295552313
468399592
-1052828725
1912705460
309875317
1133751034
257052093
565561540
2044955384
-1065014242
1960228117
130098046
-1449213549
-1029560694
1398024961
-1823079927
1534544204
699471093
-1657444300
841964303
857437834
1268207209
-1777038031
-1975265100
-2075055367
158428765
101804744
744050883
-1045513295
1950460418
2049265377
-27587542
-1099328106
614311645
-262121096
-2088201816
1788888065
1028302485
-2093441561
-2017859644
1996209567
-1605362674
2060686443
-1789820416
-1403118695
1173749174
-1833525280
-2109518514
1605574389
-1767544547
903064527
2065403843
-1562826693
-1460180021
783492778
1785171850
-752908965
-307821235
-1915954091
-896715494
1304508877
282637969
-650808088
-1489101653
511812858
746271347
2128518067
1434831589
-821908774
665453463
-905702782
-1388709669
1556234973
-1271645320
-1790954207
-7394505
841453839
-2097774911
-1318670046
-1006434123
-1696207498
1389953755
-1779665443
-772725804
-8487490
-1841868602
-963632969
-1052890165
-1794161385
-1602166484
1265002919
-1294944070
-1742156194
-482417229
1218597878
-1186060511
2035405946
-140717166
-626448571
-2029701483
443714824
1163297639
-981568300
-27828304
-1009288902
583531078
-1265324800
294458697
1477828860
-251121643
-304936691
-988781340
1981439064
196699926
-1335243483
-1764971924
978063130
-540088124
2048534176
1848199967
-1590330697
-802079773
472328838
620800968
-909243798
-332978222
-1468417967
-1034693068
2039332255
-1560602333
-1747368714
1720615390
-215575404
666483565
666358310
1714844652
-262823106
-933241760
1630508497
236743262
167243369
312142873
-675998229
1792280196
497907490
-828330314
1290321009
1067150001
1513560
64484141
-1541462098
640843565
-1671292224
-598383783
199735994
-726855057
1067361017
550289749
-498257341
1867139211
1452039665
-1882708467
-2113650289
-32567831
425398150
-1241770735
125336513
-276266697
680716143
1940421036
-454554278
-1896445792
-1020084131
-1587289803
1086523906
2070808125
777039197
2125432484
294343304
847601611
-194283136
-1014496409
1925076775
1259687326
-2073952836
1829747062
119683595
-423418666
1206874388
430787237
1784944146
2057900239
-975563017
63549752
-1098027562
1539567581
-1359745051
956222908
-1783429397
1914029881
-1797042088
2000715284
-1516259995
1088881205
1755546081
1603768786
1851906972
-1300238153
185324176
1067921351
-573922766
492255460
632141465
900366556
-581292971
256454683
71360563
-1625181149
-33272767
204951332
954102211
-1505578968
1106082824
-2018626135
-709185991
-21822067
2146967189
-1742475036
-132199494
-329910571
1945521389
-850953831
677039231
273852799
819246008
-51012281
-1149140484
237229142
207045888
49727129
1547640388
1438875399
-163003849
1240226082
977074091
-2045073676
2072666750
1728812106
294347436
1158012231
-125757148
967782786
1605682701
-977456567
-97370004
1789407679
816532801
-998309389
-902189933
415862308
351591692
-1807583803
736062224
800178177
311373421
573558742
2016653853
-1097837572
-448777289
132764460
1618723958
-2049639283
933571584
-90907315
-2120037024
1872287663
-694875969
-29522667
-1123157780
1181342675
1385236912
-1123429686
-1687991172
2083233816
1229501179
-2067962515
952566662
1581249465
1239712148
-1664476846
-938773353
-1872955193
874316260
-1733557262
1200341659
-341985769
978988201
-957818624
-1087775141
-155888515
-1670304230
33033401
1064082502
-1778615495
1901394765
-1495644288
-700259725
-2121039951
-1133487651
-763625815
45953766
-1404347296
-844743225
-597145964
-1637935599
1790092046
-480271980
1074672126
1019095454
-1513955775
-220447555
1194087059
826070891
998118899
-1100104630
622538438
-1962215211
1486056324
1100702139
887668965
-1183389127
-1138949903
1655057452
1891914599
1111347896
-1728536762
-1782321229
1364938376
422716473
-94384047
585760524
884787991
410752947
-92577897
1634093944
1868758670
-1289475668
-1258719604
-149938463
-866200477
-455484676
476891133
-641215422
-1533851491
1107638742
-626098480
-74501563
-843884631
-825166072
1105454064
-1845867475
2039388013
1522469761
1482944386
1532169461
308661661
-1121177068
-188204708
214421689
583145294
-1377126022
607648950
-945835947
735999432
-1876299107
447947554
-2047515829
-832777057
1567604499
1326353081
2082724842
50126084
-1229061144
833747862
1897791915
362555992
-1017772896
-381976440
-1348653603
959230977
-81270149
1647515394
-223850875
-2000191359
-685966342
-1305154986
1001378687
500102596
-145799006
-1297641950
-442971672
511007416
-148255489
-562631670
953403839
-1338941917
2107134699
-257697625
-683501111
133412528
1008636431
-1174174786
1165602230
864956490
1730303146
-762759244
-1072110975
233683628
-1540578159
-1859642303
835263772
1338920248
-1532869514
1812066404
656584523
564704264
1421080940
343076758
-744839473
-1761109437
592144554
1322931778
-875337017
1081238961
-389968498
1610758515
-661697709
-1930315888
326634469
-1728010801
-397809798
538617511
1128194665
-375965245
-2040033971
-87357796
1661223306
-1078612225
-1674053556
1553092738
-1545303439
-602470619
2080117255
1869086902
-913524159
523784124
385128712
134839786
-834550369
-765251222
-1350970896
1214700930
-1727813516
896908898
-1518688545
-1876485858
-362074639
1991521306
415488281
-2034136713
-1588742957
-175594431
-548001563
-466371986
1730311143
1189066992
-1323526216
-29889438
-640089392
-787412961
-876468077
-1454254399
-1920390392
-1590384038
-1283931479
608993249
811615524
-340850509
-25617853
320683536
-1498372517
1222055418
1394459624
-523422231
-800333240
1814718251
1509545400
-1471419927
-1952914194
-1010442457
1886239512
1193455425
1919101181
101769639
1531125395
-735437843
946900563
1341407597
771952127
215990789
-926968635
-1512743493
-1857569570
-1492399022
-2077753570
-1340005624
-1434613497
-414494685
-416013721
-1598430479
681387398
-1861392287
1839818088
-1135200403
-1918693441
-1226936863
-1667582865
-384932539
1109832409
868081913
-2008552113
1966666178
-1984570024
-1930373035
230262699
-1903272025
566193420
-1601435382
-247988876
1419200353
1814189353
621657067
-2035107921
1105673853
539255479
2064729115
-534609029
-1193655719
-622435540
1621805796
1680855890
-1447978466
-1314811562
2140374214
1428508814
-1807195155
1716808830
-1321491503
700154159
375865687
-1052549686
-547841226
-1630370341
-62793965
689164259
568035355
1459303461
-1977609238
378445014
-1113271377
1929449745
-807374091
-897518017
-553164161
1371205591
404729099
2046897060
-645995257
494942439
1889897844
1506734878
-1339941494
-956490451
1467866593
-757262275
429076261
-671073898
1931451808
579646765
-742569439
964718289
57931787
-2030020076
1087392137
-1228803750
1085386305
1299171006
350230012
275633587
-350689256
-70575492
-1953046076
-1243636492
-555311023
-628711864
-1127837146
1562412422
26615821
894864685
1452730875
1530962987
1945779584
1144291045
970148223
-1153824448
-1222684188
931027139
968103784
294286918
-1417536849
-459740973
-240310470
578054046
-1036584441
-92369089
848015577
-660572525
-782218635
155490804
-1178358433
1038374814
671726041
2066232964
-1821004497
679803108
1416224669
2069765709
-558662838
-526547709
-1578466771
-1393663781
1830494689
-340963827
1701527462
613937290
2017797162
2078991572
1966706125
-632433296
301728118
1176166503
-1837873854
1671047801
83907971
260905437
1916808180
1313949906
612248078
1993039952
-1852427561
-1799240310
-309506643
-391059156
365648596
-130800265
1499448282
-2125332311
-377654015
1314351958
-1654742446
-1466974571
-1198575086
409330741
-1180242016
1974190934
-913230578
-778054123
1398626036
2011971887
1318919493
-328207158
-1201093320
480302530
780319616
1013432614
-1433320604
14481365
2021058170
-1115670954
-503209455
-2025521832
1668719247
418212235
536857164
-996737626
-1903652685
-1415970852
1134086061
-2140597237
187816101
71933546
-2009407577
-1490368890
-552402333
229619909
-351712736
655332559
536113888
1169842573
2086297411
392491931
-1915650060
1160184156
143281813
154548253
-1007923309
1534138339
1129952070
222640080
1675884097
1904831314
1286642121
-293166989
1332316357
-1278850563
-1575761242
901598293
1707611420
-2023505348
379809422
583014098
-985745744
66385042
1230462895
111801629
879442377
-342498288
-409027510
2011977535
-1191771581
-272668421
1322094209
574100830
362752385
-627758676
1511824757
1756458306
-1110702175
-6308425
984398736
1697109013
-8676368
-1855758513
-1941952994
-1152212887
-1467643744
895864552
-1183725022
933220479
695637432
1681673502
-2040823193
-969772858
1236070219
-379269419
-300309803
1015178913
1966969580
-1388589152
-1481939707
-18373779
-927031199
-57514394
-1231746538
1198982082
2023326101
-1015119805
-1935555135
-852009224
1950555603
-700881493
-244267350
-1776710932
283610161
-109122091
861532153
-1283041277
-1376126647
371328086
-118745047
-1526609554
804303919
-139369205
1544544543
-1097658961
-1786734946
1582412348
351763838
-1651180708
19545204
-1499444995
1152710457
-695527901
924761696
432306135
-1697264791
1171480589
-1649876007
1108016040
-402919585
-70419706
1336082513
-1346246969
-832990467
-1886134628
1146154922
482956907
-646564799
-1309923833
695789032
632265292
1576589346
1625274985
1930233384
326480522
-1315144545
-608281258
-1302137647
-880588850
-2144266220
-211789931
1293277448
-1440775762
-1109607986
328618024
-1400733335
825646934
1307942882
890310537
1905565683
1468560995
1376212538
451654454
-929607357
1306344466
-215862544
-391703185
-987077884
-1901183847
-1447705634
1426943294
-1969156699
1933829332
-1288961675
-530486601
-1205463731
-1381842396
-1048290611
1621906305
357336587
1664244884
-1920274690
-1842158700
1114865490
385158972
-247887955
-867109309
1540801187
-1648721174
-2104153879
1886927741
629995916
1630318334
1496599095
-1844544177
-984619312
-902724459
382143723
-424920660
66713319
-1239832600
1723597753
2131006576
-9968728
-290006026
-1213112437
-1781799518
-2061213884
838534241
-871656044
-343775239
-1708197258
74113429
319279780
1885129633
193903096
1354623791
1244778429
819769662
158601016
1488383131
1166662631
-1572384463
2058692683
1037518847
-1809764544
440980249
-743781599
373883735
79682390
-990439012
690171898
695862240
1669917881
642713190
159616793
1118116794
-1949920822
-1133282703
1653102006
-1674850872
-1856939303
-828008825
-1667287496
2003692506
547546991
-1100873724
-858421341
536507150
-1529506585
881274336
-821516209
-1597552014
2094531139
1881473517
-1699915814
2094254062
-701203140
2144744028
-1067565985
343154529
1094298778
-1115142267
-1263466777
868360201
-246215738
-140561946
282389279
1737614375
-499840099
95272044
-361472437
-619751710
-529929082
1523343089
-1384164998
-2095860629
654943686
-2144586490
-886940933
2073061473
-432509422
1209801969
478315279
-1721831817
1806481765
1217544953
-48453665
362518868
-1187594221
-1800626976
186821808
-911514694
1381032734
1388255664
-887101356
40579049
-1033797176
1219398074
1926334179
1879644485
1993086057
-1497136421
615961259
-51463114
-1149722494
-1710177023
1705547876
1529714767
55958033
-1489181971
2131106471
994898098
-909408730
-1523109063
1979271329
1667944113
-1151864138
-782479971
-633656317
681052856
-68380754
-737240979
-1210269124
678526827
776680779
1510713957
-1356352278
-59323637
-1041890392
-602962775
-1897028211
230769437
1239074712
1206053126
-1345060739
-1530659251
-1865817931
-66957187
-711619810
-404219761
1875354808
769607170
353509713
862360966
1672977419
-1432999552
1855477293
787711273
-1991871588
1997446945
-1436816402
1222921892
900773876
924659403
-54044883
-189446789
1322364295
1201723373
-393887407
-1032786699
-522790323
-167797382
1342586437
1337822647
548017297
1410420277
923806058
1216086446
149760776
1924664623
302767567
1714215474
1501526564
-1285923187
-618512993
956253287
-667483478
-915751793
1619573978
-977317913
-100936318
-1654327091
846652232
-821068899
1594747085
-1167462974
1302165929
1085517043
-383079876
992363662
-1748576719
1467086127
1472783007
1111053047
-1295320014
426756378
-889798980
706565552
-1250327781
-1204252958
-372305566
-2132636962
1573288096
-519788991
-1690819907
421720279
447132218
-1884926243
-940597014
-2085835476
1641759186
250876146
-787708467
-256024599
-1649213000
-1260483539
-1353120222
344516379
1136946137
47829211
-881599022
1298814609
1997615153
-215963838
-573993593
180758503
-920109442
-757438129
-1385472638
-1366235456
99759925
1855083121
-1898759765
-1193419438
1881110457
66677187
-1660896535
-1592949466
-538036790
1071278704
-246615628
-76824544
-160276933
196693586
-1911044633
1485446589
602942183
2047762140
1330315226
497201308
-478829595
1151791162
1591496368
-1626064833
133070842
-55301450
1413013484
1070637842
-1162799025
-776829347
286940234
-1096602453
1077568355
702209250
1978555852
751017042
1488595778
-965200447
1492562706
209741764
779088631
-695488345
-2032532498
-1826505164
-18071746
-858115568
-1899910345
180600722
-1118751106
-1844070862
1620761053
1745249294
-1108816907
1787719193
1323194174
-1470769185
1846929972
-1359607022
1738764983
-797552833
1107906766
-75375539
-1208485252
69899962
1660557644
1314824893
1639992236
1333584808
-2144528541
1882406723
1157615519
1017489656
571836520
228433674
-1164215678
520385582
1686947331
-513308108
-1246945498
1079711406
1657139235
-622380875
-627594220
-1984192710
1887289905
349819263
1434035684
1235085240
2000029575
-448514081
-1516473650
-728122568
659514147
550030118
911494017
-1433479114
-892641641
-1851327349
-1867651789
-959163621
1168897092
1988353872
-1585174279
-744678135
2105870535
-580315358
-26637224
660058840
36145074
-1101412155
376823579
178993242
1536497534
-1665961744
-1144872346
-1760263194
15112384
428524917
-1402127094
491380244
1337910427
-1852635995
-2020105957
129268164
931561077
-1860151567
-1856686400
1958406245
-163304211
1857824468
-1996808119
-1366815117
-1179537908
-1295215888
-1389876346
1454267457
627767994
2000576119
2034893910
-1145090312
1242156402
-1624046644
648707198
-907313697
400973881
-1834300055
275315899
1312798684
-1773038133
389880066
-1552846055
-1973947078
1688994328
1534011626
-222080379
346628524
956335598
1750869942
-1569687647
-1274084719
385905142
-479772129
-102431017
-866402952
-173382428
1910176556
1032230832
1366999783
147085546
-1461248368
835338598
1469129048
686068845
1604384080
-205103945
-996047741
407663098
2092933289
1312689916
1943692514
261305211
554221359
-613289351
404302706
-229747547
-402669511
-1394446347
848645558
1556615348
346851708
-1075470963
-1605196288
-273936550
-160148747
834385605
891980787
-1868731148
-599139060
1022001631
-97554109
-165113346
690513142
1834563183
1462175422
-1514762807
-836830374
-567559889
1611869584
1649338474
-1167580873
-2064301809
-528336702
-162521099
56872708
-1496860272
-2099035389
-1072282389
1258834456
1176925778
-1834771285
-1391826448
-1782551476
708316139
-1868130820
2131548865
-2030812706
-1459854855
-486987350
-1328066972
937632151
-1928768902
-692630627
-569145184
1296343856
-996054438
2117132276
-1095360849
-141027342
1495113549
2042142285
32789298
1851812251
-472117538
-1083742909
1327971684
-1576762488
242424520
297976375
-1990348910
552249872
-133597564
517845331
-125726518
-186162131
-1096222173
-1787373108
-133390894
-461448351
577457757
-1140340122
982762843
-2113808938
-826489367
-487785923
36672374
-1484935481
1826813966
252088769
54222919
-334958305
800714873
1638809602
407647735
-1418954657
343148625
2111741997
-958684689
-289195068
-61490040
-1389563051
-1825446590
-777443416
-114813580
167654007
-1159841686
1983097128
1857123229
-210977609
-2034035146
-1334521850
-533867048
-1964759568
-1683504637
-487314735
-1900221292
-1211307669
-1851818711
244760899
911052403
-218495763
1789534136
2082590953
-822910436
-165232650
-151451548
706359305
-368258737
-336387256
-1132554307
-109282625
174889273
917628070
-283268446
2095607400
-971273207
-1337799971
-2110666761
43784004
-58959934
-10433017
1652553109
-2008959914
1843684946
1736144910
-1272223614
2052945295
1465527012
866601327
843613281
-1906935765
-1084592014
1940465216
-396632532
1877517657
344685981
1608322931
-927320545
126048033
-430038592
234400860
-1466327817
-1728911486
1997143874
-1582405520
-353159076
250711514
-548165845
1228810574
1364744859
1260269194
2086689273
-615718653
-1395334761
-123862823
2143584692
288129161
1545867521
77082392
657930560
592580241
-149136442
-1056385785
1562801393
89122434
1015664841
-1235550089
588030052
-276405312
1190534866
219125808
320980364
522026289
1633182661
749817108
-1106276085
1291719932
764820246
-21759612
2079377346
-357957485
2137177980
618664705
458883499
-1807872781
-1650494492
970002966
1722990053
-1176927446
103696296
-652741514
-855432176
1817899289
1130572288
302071136
952895194
-1575339397
-2110332744
235935818
-1161561126
-1673251291
-62646749
20349373
-1330799460
1157389199
-1145908657
-135488898
1462256892
497894546
12964729
885491950
-1315052873
1547241331
-1811908157
-1638757197
-1434080706
558279967
2081634851
888350870
-1721973554
-1040562248
-14168930
-1043626322
-1473033284
943287632
453347766
1763474110
566043925
913709811
-98981087
-1495611685
-1749314202
-1558821910
-1812569157
-2126412206
965581527
1949208894
160891580
-1788484921
419587454
-626322053
1206294061
-1687259231
-1855291151
1013512373
-1595293545
1297287077
1872331549
-1016045361
-456935938
1378838753
-766290859
-441574918
-891710451
729729738
1321034925
-1602174084
1607895442
-1086145880
-1793236343
-1637514062
-1836678869
1013680690
1421100656
-951284137
-1230748863
-468845452
991807525
98429958
-183286986
72113400
-1047949064
1232824829
-1546875942
-677944027
-1180385447
-162229469
-1740013790
1447924705
-1168142419
1185811276
-592552677
-1878664322
1126448740
1523435962
497141275
792512978
-1747880117
1544681446
2078125114
468291239
2048648734
-1278183296
-1403426816
703759446
1394588769
-1275503947
-206314401
-1513152851
-2094776209
2119613871
947918307
-836803559
589347282
-1947670431
1132802343
-1428204287
-592228651
142973316
539448458
-1403067025
-1087396008
-1546791972
826579235
1670212853
1551132898
1610459839
-216154383
-189681458
-1953243140
-313666857
-123672489
2073422914
323840700
-304678106
-1663035194
-155092145
672823455
-27053494
937716411
-590345339
577450908
77192194
-1280691988
-980388047
1994139253
1052179184
-501123395
2123607741
-1125157809
482792096
1657902073
175526998
912881029
-2090129976
-1519007811
-508170801
-1424372296
-1128295215
1104416439
-309538619
-1210626262
-783884139
-2089899888
526265602
-1526317236
287511914
1824784550
-605169370
241553557
1232527967
1356328446
926270852
-1000675948
183410885
1576828537
-563791543
1404793160
-648818704
1904197956
-1749795357
494864559
1895172415
1548174485
628612255
1089370524
568373336
1807301267
-1316351340
1245018829
-1299913800
-874612331
1776459455
1775683900
804483434
-559428721
-982774161
1353991861
1899680790
1408516296
-1024283677
-580784728
171539517
-40011312
29438768
-611078592
-1468732990
-1784013647
-1638305432
-891057997
-829793877
-233445020
1945448952
674134235
282463272
614605190
-1755439534
295438086
339371733
1830303563
1198617547
1783468553
-557811908
-1936459854
93238213
1290774171
-1923114595
1074373626
1249817104
-1522993185
1121077232
1922018900
1028826509
84397378
1832539434
205196761
-1215226092
596113799
599201983
1272470974
-1493103977
685289247
-298561944
-138724411
-809427321
-934623811
1625337382
-1216308746
56384886
-607828694
1848082565
-583534705
-378368515
1835485525
-1913081051
1127396664
1855311071
-295988307
-69258891
-1678247814
879533422
1682136499
2132641218
1187959410
-180741075
249774282
-586873232
70753729
-1696319562
-149534895
775689094
-1916221498
-659942435
-608666893
-2014566289
1534228751
-717554922
2054915133
2048443902
-1200631541
-218070509
-2035470480
-924026702
-1687967483
-59457103
404810392
-2523333
-1702227379
76008212
-1511354148
1329583420
1573323703
-1515865584
-55961832
-668817838
1609427529
388041162
604827048
-1449956011
-567996113
-690286689
-64803962
1360610269
-352119566
-1908490173
-25962857
-826333689
-1707878935
-197123283
295492929
-690213255
-1269457425
-329967566
-1509911232
-1420489054
-527012523
444748656
1472975802
474367814
1839506202
-790514835
1673327248
-788863687
218461273
968185215
969234166
1040959082
-837359870
879561837
405032261
1354738467
1210729420
-1439031978
-1540141553
176461710
947860330
1915184849
151584884
-35698310
1622604540
-479570347
-258372173
-793393569
1608158152
1090736091
927996419
-760855137
-1165665751
1913285569
495351459
426507022
-1452134457
1483714289
-486710992
-177764940
1606839559
1254367554
-1480006602
1970865873
-817140283
521365021
2034871560
-407493344
-141753024
455850851
33909459
476479584
818890069
1814856334
633178865
-1101702897
-1002634000
1242675222
960816762
1865379960
1389615551
376765717
-1534446303
-594516752
-743868121
-299690195
-833201860
-1831661988
1265742971
-978384215
-1046816476
-1846763787
971736171
538587874
756947390
1053985871
961468346
1044053219
622341721
627541142
-2026104525
-1274927024
1949061563
-1947470821
1900650717
676901507
-1420272522
1303568142
-1470462867
-1823551497
1882508415
128193421
-1062372613
653694953
-1955253760
-769591331
139053049
-1479850436
-935193236
-1854834442
-44342944
-332384356
-50156844
338877764
426689835
-2053045274
1488840313
-1902477397
546320904
-606184761
-492845407
-1912949044
1666791245
-923171165
-1532434770
-770151290
1412616232
-1227179593
1012641643
-440129089
-775848422
1778157953
362526889
772905572
-1378609498
-1143391138
-903270390
330616237
1216690245
539807093
2087409948
79476389
-842360164
-1527199021
1406827177
978759913
1873587696
1281716695
-443888308
1455361455
1007959513
-345133616
-2124464313
1061088522
1103301429
-956703516
1568940436
-1118312597
669487455
-991461581
188682809
-448640149
638282401
1572484155
-1289570336
1995109319
572458982
1620355709
1351230118
636090794
1197256628
-1008835231
-1641486798
750503730
-2048395176
65371478
213532938
-870691284
1739469154
874102333
-223681247
1626105634
-2040565677
-915355641
-46254669
-568484712
-1482738540
190387612
-1301737899
-2079267183
1124521642
-291762690
-1012308153
965024344
-1736231256
820872110
-557618420
-1981148548
-667263516
-823572914
918671676
-544091365
1992099821
925215367
-417295720
1964584547
471025340
-435409876
-1578743201
-719868586
-1720535512
-1114141025
1893849311
-1176583988
-1688210785
1948852083
663165774
621575870
-68925677
-996343982
-12661542
-2009698367
1973143089
-1444965087
-1733630722
-1993002801
1139753688
1338281825
-1298004202
98692429
-367993912
-1811802152
-1732651211
2023945544
-796324198
-348578448
-262059978
1093989378
-1014135313
1495128158
-771148016
-537752915
708450028
1717693574
1156245359
766792566
1398252005
-1120678371
1424045439
-1820356412
-1495020969
1547521168
1002606858
1272581313
1464318492
1246062500
-134801980
-1610748648
828072921
-264776995
971461861
-1248821504
-97126214
-292107484
-1231707144
-97828998
-324827807
2088903331
-1602419469
691446742
421718555
1539876595
-1779565690
-1299552646
-640769452
-853064327
-1630346313
1430215654
449187661
-198471156
-1874158162
-1101327374
-1093387765
-379218981
606184141
381537114
-227786606
-1645282162
1646188547
-1690340996
1273160275
1527524778
1385869666
-1787771297
1515184098
1712173113
-634619154
-1891511049
-470212117
1507787433
-1365058889
673140134
-321594522
1998184692
2067390505
187467014
2093947657
1061382913
106050721
-1269294363
-2024636418
-1974809271
-753778364
-1050309232
-1050999338
750211005
-1231856116
-857326252
1280646076
-1553076505
-406168029
1472242753
24804077
-573250737
-2072244877
713868849
-1367248793
-1700938977
-2122091651
922295560
-2138403360
887417354
-1162285206
987465020
679736825
-1327500440
-467238561
-557453673
1677244339
792826533
-1675176683
1764676923
-1447695071
789415388
-1043209816
1371129575
-636055201
-1794384194
-2047659346
1982625911
1247953346
-660210248
-873255286
-1604243535
280649296
-436888747
1289612802
-1437629122
-1915470478
-831487008
1313306895
1464910581
980838120
-1155405491
2054585588
-262839713
1402604028
1460432728
-1405366382
-1743425673
812720890
341726702
275665913
-325200975
-1666907170
-439130676
1852314690
-247935683
908604495
-852065434
1633330331
-154134900
1949424844
-1565586423
-887217246
-1647607278
61354276
-995860157
1602186231
1935085134
-1616736725
-1480309118
977750796
-1322797561
-2113716566
408876282
2071843134
1787199703
867441559
605424076
-1307963607
-673343507
-1794081915
856273508
-838872009
1669030669
-793107107
-1803437278
-1628290438
-1023675941
-457295282
1388733499
-793031748
2030646617
315247362
1320624353
-2020250669
119983534
-679408623
-1679055710
1550201912
1464234025
-1241424454
-1408376051
-1863484198
892217732
-693527856
-1042160230
-92910032
1351221356
172778225
1012571083
-974923635
907459648
-2069146626
-831977074
-624554825
15455257
-1788909882
-1960478747
432449977
-2134455798
-996285692
-1782019128
-428289033
127563432
751050379
736388937
-1700623997
-1815541556
1367571391
-190039815
2058913711
899136919
1697274695
-199565942
767194595
970429621
723383552
179271605
1327917488
833520870
-278639564
-2071911843
2107119652
-2078214982
1297920779
1121526004
-317110177
-105677925
1589154113
-2070597090
1986943846
293154576
-22191592
562686099
-436011721
-647823297
-546038384
1043803721
-892841188
770239924
-2135326506
2107594193
-1466483900
1735265632
-1746540039
-1724686847
2143187343
-1840467229
375044835
13454290
1838001576
-645384691
-919701626
-790905204
1831603800
267787682
550507349
-1989139936
907634201
-2004307363
1217208821
-1609358380
-207667990
1082211895
-1921130700
1314475301
1064278881
-839877656
-1793768903
174844136
-419630330
1716517549
-322793475
1935185585
-1611155491
2087156300
-1594547975
1530671225
-770474172
106791765
1370115617
327411322
-67192833
352501673
1622718736
1841935709
1150635921
1750849344
-1987353725
-1535141225
1627904205
-2090478298
1446136331
-739300592
-768211029
374167749
1372943870
-62296059
1611961951
-1693378710
-1745700178
-86168018
-958142553
-1458802175
-241331747
826800930
1887304292
-932240605
1232849775
-2571014
1498907244
-1418507950
61932641
44085301
2117679774
1752387971
328603898
-2129039397
1383318582
571835868
1295582783
1964407780
1201776481
31147197
-277549397
1495845337
-1255126765
1371415556
876164639
-688723013
-668866024
728073357
-2104366825
-580536028
-267910295
-1289528841
-931994850
1807476396
-27880512
1116678829
1550477443
-359846002
-2044317074
-1635611612
1484203853
-1766328950
360971116
917151585
-1568091285
-999654644
-338974545
504779198
1005703727
2038635405
-612799297
-1805556244
444836093
-1877924296
-2035916150
-2103932613
-747166913
-1573503279
1429972597
-1376585448
215770011
-96311086
1612016819
-918389545
-1117891480
-1830608682
-166680358
885176243
786967389
1843406906
479402675
-1627580654
-428673909
-1570314495
1439093841
-653860596
-1658038131
412059640
952077668
-793565394
1820791293
-187354342
-1001302066
-1934974598
-220674519
-571667915
1640335734
1157084594
1076901126
268291021
-233574564
-692769067
-1236667292
1140080703
-65823250
796027113
305736290
-556870359
-1250430311
1019737339
-1514341595
1434258185
-1868326238
180615524
1620221380
-862611165
-1348160715
679858765
-358658938
1911581608
-431335746
164935284
1707902031
-10493932
863316855
-688561105
-584825002
60220375
30000961
499063473
1164072731
-1627399881
1527053496
-802135157
-854943336
539125364
614425985
1640525942
241442230
-2072734932
-1452360219
502403407
935031554
693491713
667477411
-1155955102
356927648
-1548155784
-275408383
-136924438
-282228865
-1645469916
1022967076
-1104579624
-1260233779
3908611
1813266081
-463593773
-130686547
1830864167
905443667
2014080384
-1108186841
41980312
1202395758
1577277698
1378911584
1232873080
-282794540
-1910986300
-1148101878
-1817162136
-1597510746
-470073483
1831526941
-1446694102
1599734558
1116951892
-1165357370
2048198023
1375772316
-26458451
-822471264
1631240051
480627966
1364694946
1887387425
264791150
-2137293772
640763438
1256652374
-92904404
-627584750
1135191911
2000043730
-1827404937
-914446232
-1334225662
987373027
1251667796
-2078698161
-827855076
-812743929
-28942747
-1809780539
-690571721
1546734494
78668941
403558012
202129794
116391392
-1963041575
-1403655442
-1265707684
1302935312
1867484573
1563420340
-517005798
691685617
-1020302626
-988847336
-1707257080
788839033
-1057023249
-689056792
-1266743890
545169348
1214259550
-277996915
1763451219
-1906574005
300176400
573980251
-1512186170
1125034581
1206222506
1656477225
-1081954213
-1573034323
1135171634
108328740
-627676620
-1750460524
-383996170
724090080
-1603392831
-888512519
-1162154324
339197615
299616137
-959117337
-521837350
1986397750
-400244183
2033837886
1178593143
-1607115972
-1559950947
-945731675
-1143029294
1048049861
1346767806
-513084994
510397363
1186004831
989256459
359946652
1596509887
72956091
-36016981
1517330033
1930468896
-395050882
711799474
-1550560885
-1246985115
625567321
-1808558429
-591251327
-1634964570
1071111511
-619243467
-763003223
2116838379
383847541
-1884285862
-570881588
-1283626035
-1046834057
230062204
1652745756
-1264607395
2135219961
1001645577
-1371144858
-975834811
2054638275
-675935695
-1113879165
530174509
-1340978847
-278385170
-1861676524
37186144
-4374029
-219725244
-79784595
549538222
-2082517695
1561586890
83139793
1622454675
1449074450
-698722200
-1371528224
93707672
-9981763
-1474310559
325475149
-2107773447
-382435072
998398867
-442425645
-1140172665
1623293200
-1508440579
165697129
322438095
1147660016
655840898
-945572173
-55414660
2016595206
657930988
-1278503748
-595487495
1363863274
1231586354
-705249054
-1299755174
1065544577
1667335421
99523857
-1922592388
990557258
-1911516056
956424755
-1501254806
-1511996937
-1333888761
809617639
579557378
-100731329
-12713941
1738312048
1000370136
1874368242
2007450979
906716911
-1090754983
-1064505779
-1258197436
532265428
1440675123
-619504497
-156901779
2137894290
-1148741132
702082763
1700014021
-338516590
1569049073
1918357248
-1147258106
1389395305
-1417805720
398467430
1304992895
1612322892
-1381037336
411869962
-252534507
-942607421
408238065
-1563124324
-1676216438
-775769700
-1547744298
-479394681
2142568961
-1868509918
-1077714966
1549127490
787989441
-1981681778
-209711141
-923654938
-952670407
-369125442
842570072
1734290687
-2063687613
1555695908
-639577606
2133236134
680357548
490190336
-908585120
-1681441073
-211352332
494180561
1184931228
777997022
-317663407
1120481544
340967373
-93784960
-888858887
-1650977025
459421452
-1087131208
523967905
1605131048
-196781173
936463416
-439579328
-960355191
753718267
-1630574862
-983160808
-1974058393
-251898066
126568685
866100470
-462379711
-912563202
-847838884
-1908014153
2145972992
1707021164
528759019
1096295950
1659087467
641493259
-329628580
1731047557
-180778528
-2080062049
-1606267822
1631352769
526527808
954490880
-921854355
-1536098807
-90826965
1714743364
-1410892906
273859849
-445933203
930396444
-1773865061
1551202258
-59420489
-1026212994
2067447293
1883517220
-610261103
635003012
-1700147192
1447322095
1182405775
709318035
758222884
834804759
1919551426
-1640048961
-1612272021
1957676407
1903475569
460833646
-491533701
396326697
-575579127
1136843067
-717103476
-681800445
-800310447
-1507804900
1972619204
1326459235
1109721825
509713094
711032777
54767919
-1023862316
-1014869425
1056234392
901809175
-2048773700
1965132821
1611850645
1149007133
-772002090
145908446
-291890974
-893991082
595910526
-1715489728
774847475
593605361
-1745144092
-672803005
1775724642
-214911368
1978334976
2136906052
-419980801
929314902
-898812477
-1068128997
102690603
-252756840
-1305179762
-470173568
-243123099
-635686153
629188839
1319193514
946128165
-475913962
751458666
1251970872
1309879784
1030466823
-1700427268
701555796
-2950260
-211432429
-1787440057
45363989
410661853
801380794
-463134367
-78068955
-410520721
-830137608
-1915525682
-21071197
-1513091923
1776349641
-1921931096
1254139722
2019099698
2029077743
1554631196
1266791890
1814888023
-1719050254
-1944601320
667974550
1490252300
136433512
-2014304190
-1905920394
1546826987
2099969398
-830758357
946120446
653636746
-900820330
-829621052
275835079
-1249677040
1281334938
2001490960
-2125730531
1281035530
-2076848656
1377293339
-2125382686
-1467971969
1504718630
366373418
198237873
-1428984511
-455062352
-1071131341
-868312506
1223305861
1378262761
-677328497
1540413980
77704629
185965143
-235332627
246428247
1849332357
-1082073549
-1929566327
-2071815196
1893340228
-59619545
-931994722
-13906210
534143604
2048322137
1563843609
-1941020877
26946204
978468007
30966158
-659587193
342649691
-2017072588
843482223
-1168535977
-15014720
889266723
1705979771
762827105
-1658930727
2104646306
926872947
1520960323
-1077799031
971165994
-358439405
-635136158
240055454
-655144188
1070333504
2146752525
852508451
-1652172274
1769113469
-1333902623
1495796465
-243750465
-1837204829
1285867374
-1472096884
1322391655
120756689
1465764890
306131755
213819579
1522873760
1450450245
1039235352
-1262135407
-1066937957
1266231982
-1830405830
-543161881
-88073234
-893241580
-1624038673
-1267726551
1707879516
-485073376
1007230239
1088013234
-1873330570
329028737
1901768078
19136403
-356295927
-1259927976
582025584
487689620
1145021655
-538216489
-588223678
1694979703
483015818
-930182108
-1752798761
-881765245
1691873253
-1688070526
545819824
-2072165568
-1167382468
-2053842510
200067473
-1167456386
-502871002
-1793828457
-8841392
-1156115556
1736509552
1808245528
-795778577
208620550
2055550036
1305751113
736635885
352268287
735266026
1045184205
176648408
616450720
-834763811
-1447532939
-2131976922
336605215
5537122
1893994028
88846149
1417775956
-1800382106
175057175
-21309967
-469106823
1854804998
1428518392
-1186390076
-790371791
1769228612
-1438780717
1576979
-577302069
1828882422
-1146394925
-138859273
-622564409
-60989439
-372169107
227400360
-1139562600
1922080711
2071819717
771299346
-1979868757
-170691363
-1522717359
135786657
-1236720985
841049089
-1741519684
464435039
-84848906
-1957278646
248719372
575037249
-1097897340
-1893013087
-1919943930
676758717
-1135866682
-1823307153
11218640
1141767328
-1962516226
584182936
-1649963560
1041562653
846278332
-491620953
805708276
46214696
-1428592985
414464585
-592078645
820333060
1430402941
-506164993
803801714
1273691931
-641798312
1101392911
474089049
-1031845363
-1716310734
-1848518981
-1164703128
1057392394
-148494678
-102010443
-985282460
1150211428
299763207
-1371653423
1270275479
2001510495
-2101042051
-407213060
660005040
-1273601717
-832101201
852254060
-1350243865
873590485
1148596597
-1509206248
-1055065756
-367596135
1413801182
1333757290
-854925343
1668232698
-778003592
654705971
-1936683635
651641653
-1975765042
-1051378977
-1670911181
-1876033612
-158492111
-124589847
1741070747
-832273760
-643542853
-1735345776
-338922704
422810297
-1502821488
-1663356981
1229655011
-1507458455
1581474151
-1324207239
1348496206
-438028011
-118517688
-675173156
223038747
1151237558
-380213609
-2073828536
1651717030
3724968
-391024560
698258199
1326708960
-1380674879
1276511379
-2006520097
781650295
444649381
-102895773
-1362624538
-257774029
1193054553
-699763798
13244886
-1752561757
201998101
-1396250240
1118918060
-1471242248
1774033245
901807276
78923766
1057929008
-1121288878
-1537421462
346777149
717860214
-701757115
-340687506
2102185919
1846947784
-798951796
-1262814424
-745575071
1308363482
999505049
1567665482
218864867
1591593017
-1819389625
-1573251962
887020373
-813925965
-777479561
502200732
586883785
1038243574
1769596123
901416339
-484315319
1067913591
-1082002415
1843958342
-128573685
818610837
-383811597
1863909153
-829480478
-258697219
-1435946195
416091692
-634704904
-1263689137
1702854415
184487241
1917149114
-1368102399
1359435939
-994783303
-336583918
-1353798012
1844130562
1166130148
-542960677
1963652004
-2004825373
-2081066663
-2094051439
-1589722828
470259572
-1086305518
1216610888
1280751849
1247605868
-148422147
1471705311
-2131253626
-1308599967
-1359678537
1349513845
-190976455
-1017957802
-1766993510
117411098
-379912891
547696023
363445241
-1543231031
275161312
2086081225
-887779927
-728525930
1882482525
-1972668612
-2147263548
891401763
152792974
-931273852
1406692777
618057560
731990627
-1114751417
-78368442
27953234
22991574
-1684565929
475770777
-362600036
-1484775413
-322537982
1231635827
2044157596
-967903822
-829107799
121152638
566508623
-834054481
-1554672753
172187778
1919975224
-683926019
-1609258254
1747094755
-2106510187
-1829518897
240940127
-2027016595
242434772
1234412791
-256689854
-587496108
-1087339196
2076613259
985175228
115831669
854486799
-2063499323
1408487865
-152403230
189753704
-2009395157
-740190656
382226589
-417373952
-1844815889
-1881116659
-1400610910
492254909
1313826968
1166087772
19044394
2048526253
-73387039
-1900514041
-564529362
-1825931208
-1779584800
-557919021
-1119604183
1720037013
309571434
390640901
1333613346
1857292415
726138293
-1149556164
30576873
-1271359449
-1224489921
-641280390
1406134176
1569817708
457980911
-990785917
-965724803
113010761
-1381096839
-2142633878
506191821
-1587270258
261198086
276754280
1843283003
-1627037998
-431875821
2067454191
146438737
-1179573081
157371288
1082169086
101460287
1441161743
249040493
861197238
1779004891
1669047343
1304257513
1351508525
-2016981783
-66332350
1072662732
605212802
-1984852581
503513807
-293172130
1669433138
-1006839718
-1685629154
-1911175465
580979112
262145478
659457512
-14429695
-1090048998
-1195406852
-835316659
-745084901
-1095871854
-648722410
-831454198
760073473
498535754
1552128503
-1148438038
318481801
1001825853
2024443975
212752253
685728046
-437750790
-1975341380
1468988423
1767217651
446760378
-1074747237
-1846763333
-3273087
-1598063435
-1652956802
738690088
-1516496238
-1932876112
-1485195689
-736405261
1437323666
1110224346
2033439412
1278782406
1083940739
1926853080
-1998580156
1014641800
676631584
1876483614
697355929
312575694
-1623606203
-1158688384
614222127
1089066384
-1515639411
-97031416
192872876
-275333601
1057990716
186372105
649850985
313544278
1887040351
674807668
1788132656
-558056944
-1415751886
-1508145559
-406070713
-1889831975
-1794975295
1264003601
-784413779
279747815
-526966319
1641077418
-146334045
1269497931
1469785087
1324876771
-608905875
-179434141
202374698
1476300393
-1793242279
-475232878
-92625650
-1688525119
979752192
447729971
2038581296
-1289183912
-1608408885
913518538
-1850306559
-1315785768
-1261528135
1130968956
-856090050
-1699615812
-1485480354
-686467136
-19408747
1530735142
1777100334
-1362209961
-1680067187
-896449297
-1119936773
-942021255
934093734
637259007
1069383867
-863959472
-551519553
-734549537
1631667599
-2017492311
238700472
668949132
1870789632
2083052264
-1327566249
1602350989
1512143243
-1782080195
-907584145
-1220210105
1622045023
-1990480108
1167353150
63942032
-1670171804
-793822766
72441879
-706868351
-1866279041
1258368701
395019584
2056879248
1859606804
-2063624645
1717460509
-1948591139
444032716
750460478
-919362163
-31423285
-758977897
-1902076930
343357843
1433767378
-1963880972
1880913129
1499857720
-1609474925
-641810833
-1370021161
-754386768
307488556
401798763
-1564915838
-488923717
1161049805
-147698143
383320885
783263310
-1686372469
-164325144
492405442
1180016498
-1132174989
-1895066954
1080096952
1034732138
1104488162
-2090868250
1608021461
-851814885
424219667
-103419589
1156338873
-494189912
-59827207
861398564
1148923101
145275740
285838927
-149801151
1653375170
-770497843
-83258644
-1262180571
-725116051
-280720067
-1619622309
249669469
-998878959
15631683
-1500116053
-1928173647
19306254
-2109933910
-1683822718
-1269426775
1589192474
-2019400808
-693241736
-2141777838
-1680170563
273663986
992338082
301536322
2076697602
2109525759
674706539
1976542168
-1089108885
-2083831989
-1191165269
1247555528
-1774343387
-950353715
-290403855
770163670
892778876
114319691
2002726691
-1631306783
1015575696
1382513405
786565449
184370466
-1854101687
-1353195152
-57272667
1581363125
123957127
-885557075
1860562694
1649529945
1722985118
-759457126
485099357
-1211624845
525022465
1650519711
-322119024
1188866648
1889923388
382113676
2080918414
-1978239029
1750452775
-671884359
-95513438
-2081533756
-1804917672
1418570606
1380079628
344132723
790131417
-1569478267
-783899187
-1982302589
1388241690
-409822643
183044802
-67390813
478499880
-1305191246
838139124
1661719617
-1492447969
301191578
-496944850
1875750552
1240131293
66934161
-2126715441
1683890413
1423629560
-1263882073
600542944
1510368020
-1988150799
-267149160
-363049112
795481657
1422381737
-1189453522
123321343
1870601692
1528890643
-452077853
1020617376
-902068963
1764322858
795951049
2074801091
