1248999953
-2020841252
1910272480
-1809416314
533692241
-232301884
-1574435879
-746411609
-1234355362
1292081714
1027977218
-1302505300
2002172116
2067037582
1497276262
-294356009
-1990087076
1152723662
1454562152
774754681
-1105114798
-1667008689
-596438268
452656367
-1892893016
682127591
547024986
2014611406
46368265
-449321926
-1749237139
1799832157
-1294490815
-1022266291
343375655
156415811
791192027
-570222760
-1076076128
1141810817
10495755
1284902111
496609439
829995937
1271610830
-1320378109
1244936544
1462432559
1884930383
1772638485
