339701147
1743997236
984138594
-2059345127
-218124589
-1069551388
150194887
799846915
1920171604
-1153030378
-2001805093
1229980432
-328482443
2127942306
1382218538
-1104385217
-137485928
-1213560773
-1801593357
-911182897
606345867
-126713080
1303309103
2110346992
2040662831
619975282
-1565303343
1795642302
-1325650850
-541355713
-48990898
538889578
1532596746
617167327
-1463921314
352299450
-1525441887
-1688769530
1149148676
459252403
-269324104
1497839482
1332084684
-483688557
159220455
-1924513747
-638037933
1992964
973149681
-692170866
78308108
368954511
794318120
-1667225829
-1494668736
99320654
-576879345
-314546118
-1496062890
-1071173659
-1109902272
-541153975
577722708
-2051864654
1641793168
-201592845
1127836837
736066371
-1828317584
-151553851
627607324
1275359752
833742998
-979561472
-1600086728
451284297
-1019937317
1077327792
2029770153
145630809
644714343
-1976613123
-786918381
-750584820
-1049599734
-1914290496
-390665199
-1537817755
-937749011
-1070000295
-745815940
1645416340
23374697
1952477119
-242216212
-268548834
-629129674
873223640
1635207038
-1662481315
830766536
-1836302326
1063215319
-175048917
1066168821
-1182495727
1635416169
831180250
-2106820902
1937544978
178321140
737556326
-1302293761
162382576
464539984
-2095140627
1321700281
-936575778
278023529
-196802465
1615879119
453876022
956633993
721538673
-583667616
-1045063544
1341951964
285766614
-276869116
-1467438604
-889591759
-1293777487
-470249424
1167097532
-314701314
1002290500
352009438
1612595988
361272486
-2065770771
-329050516
-1899343812
-1604017155
-1745460141
1987463620
1609853904
-1726398709
498339292
-1302952260
-1875367842
-664047857
-2033715358
906139840
1030634297
-423869753
1145650213
575038894
353164172
1324171758
1215542786
812742401
-817463631
488248582
1763607525
-1500876496
778536387
534668631
-311426181
-1455940264
1491644529
-1999947466
1466642988
184477976
-172660459
-1726001014
1396549960
-654573380
-2105393660
-955628148
284469631
1547003804
218176551
-570788403
1286793622
-1775717690
-1098506550
-168691843
82320472
-843560486
-1886844749
719265513
-1599708727
422662709
1520220790
-239511483
-784263263
-517822382
1446459911
-34907733
1025752312
-1335915668
2134515601
1520431459
1703337277
-1106321562
-1932231803
-1458113436
-661375380
290597103
-833320460
595333403
-1393914240
-383932447
-1777285343
-619607446
1032121381
-661834774
653605202
-1256382733
-586144079
1318567789
633013222
2082840725
-1460338347
-1312971606
1352505260
1190395958
638338447
-479452901
1237455985
-726478397
-162164510
-1785552095
-155537446
-374109068
-949958199
-175321633
-740739724
1393625940
-811241496
-2075240602
1772155913
-455405056
2097298309
-1561582318
920235061
1861147054
-1152204747
644893235
264918072
1952246384
-827324710
-727921426
1950074124
410830010
-1395895604
-954509979
1330685114
-1479336159
187270741
-1982452970
658579944
-638075803
-1343432093
773399680
-52538186
552869297
-1609966216
887057675
346708171
1382323488
1655303652
-107133655
177173674
-1288078205
240427830
1780687031
-418258359
-124873631
867228400
975816617
1182600420
1927991102
-218276743
669867238
-381265906
630918432
-941930409
1027043185
1978450952
-1778480306
2046019229
-1953072696
-1589771435
1053035611
2074454177
-1518111856
-10562163
-1518142366
427749874
-551790223
662551409
1980503442
-1324254072
707055423
-1561044929
-494843668
-1561252803
-2006171558
-133360568
33353547
2107467132
-1748295082
1978127551
1837926052
-1929462985
-1981858339
-1018045230
-591167601
1463617566
-104259116
1930570750
-1267802362
-616470771
-240442180
1986850207
322615403
-1837449531
583833690
2008403398
-442055729
766694622
-867560550
1274169166
1823970416
-550691844
660993712
1896496945
-1381616764
1378332992
-333804160
924221719
-1129831628
1953119489
-1094618048
-733875921
1309019626
689285820
515514970
1688962882
2136450511
1201859656
-399261802
939812613
857700495
-835830707
920430456
-561600082
2070526815
2114950135
-1501806874
194424009
-2000858304
-1130870811
-1482555378
-1758856629
31366532
1121517671
467591302
-181658137
-220742511
366117097
1286370740
1154153376
246574308
1336341161
-730367121
1444510623
2072749657
1233692336
1618583782
2081464134
-60191320
-1065450753
-1771520064
-790342780
-71271886
468029191
-1866473084
1814205546
-1256451074
1058689886
-1580681413
1919464958
-1070739971
1865154736
-1764595884
1994647119
1272070293
757502451
-462629434
1284455625
-256694180
1151360478
-1202861445
-1586304310
-1320940252
940231579
1207409132
-431136396
1278465335
537730746
445592584
-2109177660
-951203613
-1406431639
-355877542
-504749085
526961208
1483480034
-508029335
-477061444
1856750863
-254944220
-960957086
-1614741298
-111502514
-411129627
-1438616076
-912903870
1255084395
-788108090
44974971
1895643200
-2072674514
-111247672
173654368
-295941763
-539146054
-1721843458
-292694594
587686936
392782797
-732858748
1856256585
213818278
1596812614
-1659239249
1930065771
1235181195
88609511
-1335225467
-738660945
-2035069557
-288107172
1766048111
-1857646238
-1294174048
1888708220
-1111564756
-1773519753
193467661
2031036366
-957193975
1751431851
-577896270
1764592973
-415068594
-891489303
-466311518
413689967
-1318617093
426367214
532027634
1767726947
-679017036
1650193968
1964798931
127407258
-1879568392
-871182084
1746460131
-631717239
1677007513
-1652002083
1440332223
-1920839764
1457932904
159369028
723115228
621223629
-901565905
898150245
418111383
-874766459
-1382583581
-1680412578
409066122
-135404797
456436506
-149463138
2120426784
1842067724
-607163974
608235908
-1408833173
-679929534
-991160333
1981124166
1440981300
840293544
182193774
-1562324716
-1959735213
-1039004827
1851410886
-314501764
-979791807
-39173433
1524265527
1051293456
-512507669
-1380583541
1016343188
1410443077
83423944
-1516169126
1736432254
-1254965859
-1587847635
-385952617
706308050
855533064
-614302753
-407139497
454071139
-51375737
-1612705046
-170907984
1331031272
-995226350
1544015792
414803766
426676792
-831872324
-4147132
1209656258
-622318156
-2133612268
1772687864
-401227403
-1603672061
-77519667
1190825012
1868785660
-9027324
1136255136
-2046442359
956085781
1975321600
-1259397264
-975603707
-1777305008
1276889887
-474035025
1377498568
2022454298
1583269405
605933312
-1403345193
-309174025
-1145391043
742547741
-309805265
162650638
-1508613763
41981179
1205562397
-1829304854
1186514698
-473340629
347673548
1463280254
1902972662
851376259
1749973535
-1282921622
-369892569
-1185481731
1990319809
-590143364
-275673198
-1288816930
-646879111
1030533240
-453554263
-1287733990
1010594242
4459547
76644114
-1495505930
834439834
880665949
1757127064
-959249
621560730
-472064265
-1340574106
-1683023142
-167307706
-675090396
259754609
-679090868
-313590106
1946075306
1203043894
-1502101957
907647509
541344027
1030189733
1929477605
-340795560
-782236840
-1759817380
1746880752
1403569137
-970385578
-113122280
-56638254
-174562635
-500338652
470675304
-1857311118
-1703774308
-447670996
-483474269
-1029851377
-1569176360
1146659768
-556400869
69258081
-1384696536
-1898191688
-1354801006
-464967427
-140587155
329611970
-613056276
1174332925
-1836462211
290516057
-259701466
660000479
1602189366
-163017103
-1963110010
-1923039571
1387229910
-2057759950
280357652
-1581197986
-1870934134
-1423392516
-542049208
1513828476
-1156973756
960271787
128528644
1789921798
-1332953391
-451552741
-236823101
830497175
-951674070
-375985682
-985881069
-1825467449
-1805314295
-1769589876
-1364257216
-962034736
-1546989121
1374860395
1197843537
1035680628
1910992708
-240290417
352963640
-1738398434
52015503
-2076193708
92027716
-910146489
-1089907928
1224631147
-256295207
-942927845
-1221888262
-1571467231
-1324815773
-1361521573
1065206125
-1402357785
-1908987768
-1143292796
481390260
150063630
1268722588
-784470735
1958804066
-1746136623
-1785138854
-188002371
-343921597
-1209310056
948882895
-811862996
-1117806999
1211953275
367800729
1304833355
1822036100
-947769596
1081483089
142461717
1905466487
1387315257
-844037051
-854386857
-342613977
117862872
1946085482
-606963561
881684629
-308283676
-396613232
226549554
1984899630
1967461216
2052077015
-78683964
-2096221599
-286965670
-1140131487
1038263755
-1556136334
527174698
520024904
1924205966
1092285326
-431703301
-1915542062
-1379619781
599487518
391703434
-494447133
1864140623
-1443565985
-506575827
106450354
-524635078
1561329714
-1635554281
-409397568
-1289536191
-1901722576
1519178970
-879665404
736751782
541891585
1458968620
-692028054
321617415
1086262253
-2146112019
-1477981826
-206535165
-569820237
1208417896
959855204
1279229987
-534679399
-1715202855
-1038450421
-1181967626
1620776132
-926779858
1524634018
92600957
65937353
2093178897
-1399926710
1285880009
745796739
-298191834
-87272180
-757117726
-537671642
639570833
2113469196
-1718273045
598075028
-265752902
-256758017
-1652672381
422995951
1619348820
-1199132454
-933260179
-289068177
312595098
1967176907
-312792974
1969892212
-42090021
2146783084
-1851386235
-90013986
129304377
-364447434
753338920
1920703388
-1842575187
-2109868749
-158491889
-1885884797
1749287757
-687966473
644527618
-1669391264
-672007983
29451216
-789827577
-1537179568
-680365741
1275259708
-1461983297
698465102
-914778795
-1558334822
61151504
-1816532724
-1603836920
163612708
2015938308
-51032569
1426721227
-65548003
1834246128
-918449451
575707889
-1822218426
1799094232
-1305354047
86521543
1682102678
564917521
-816860263
718919380
-812628951
-532976856
-1111067451
1356811874
860828536
-668704766
-456838245
1938439741
-143276343
2109949764
-36499726
1564475578
1814791657
-253558796
1728586741
-759574022
1542954521
-1910505376
1374033464
-639059857
-815695291
-352854978
-374831856
1427173791
-133813637
533235988
-258538978
1252583208
1918389914
-1454045990
-899195603
1623453699
-563644343
2090549981
995645757
-2137955828
1147615275
1847689957
1838816991
939308993
1350388304
2006939290
-1038417981
1023659594
1575065070
105503011
337928079
-1406894152
-1294863280
-2024973041
27055601
-107799151
-1870204146
963646584
1770118647
-1744859252
-1552546435
-1600211099
679257757
-1748559208
1946212713
882732144
2107300007
-1026747357
762888961
1298790312
-663919183
1276446103
341341202
1347908536
-614681468
584909864
1946514040
-2033583800
1780661930
1872707788
2072904144
1157290146
-766446780
307106955
921662578
1922320793
-1278151910
76418296
-1967384674
-1703037531
-693339661
-320488194
1102524148
1092616274
-1285945050
-1592568353
-93277399
-486837797
277948272
-1170977670
760334327
249505810
-964539896
627805900
-450486955
430715266
-797197584
-76083784
-599937048
-611535146
1288048782
426614538
-234513224
1378473596
-1541928325
1894415289
-1079116761
1592858245
-1481971815
-830742932
291371038
-1104899890
871729514
-1367439809
1138135432
-1048625820
-1884948320
1793597894
-1082668797
-236388572
-405397777
-1541478831
-1197269292
88888994
-1661875670
-736307343
-307126756
978968396
-1936634739
-771652933
-1419581623
975436494
-1259516329
85799883
84798926
-918597961
-607804260
-1112742773
-315400938
1840969819
-975290024
-1087476299
-258156363
1997380347
-757952313
1621670805
1899203552
-1488802781
-600778765
-1430516973
-1049904097
-611999149
1003776141
-1240829200
-993373376
601811425
630111744
-288801456
1222939791
-1999584227
-1466116157
1078973816
596209987
2009101493
-412654354
-41857577
-104386502
1190814043
1692505360
1564066378
259480808
770049956
-943480258
-726066533
2066100621
1206447411
-1843697553
-2120683190
-439750490
-20582890
142515719
963879568
-1676549723
1849199983
-1261469263
54445984
526116067
-1134416810
2117996913
-2051300817
-1042623787
-342275330
2017271544
-343655370
-882435458
-1601619946
499373370
2019835894
2115392292
-1382886799
1386840894
1763232828
1515042118
-1069203224
-210583500
377669862
-1261523252
1238353023
29637836
-603226203
-42203520
96209094
975230404
380861699
-1635171652
1565693569
-1948402749
591396263
-1196603547
939609226
261145701
2122017752
-49520873
-1674181898
-1880475498
-960384705
-1071832159
1184742519
-164842461
307847408
219085235
568003072
864742030
-693699157
-428862506
1154253998
-321100511
-111681442
440152219
-341409306
-342389179
-629767442
-1403221993
1051813306
1729142291
2100441910
506764430
-894421104
-1327350741
-113216945
-77667731
1493785861
-664933691
543065105
2121757565
-2096783602
-265318651
-1763839270
-1274920619
2048384352
-666850670
1536101261
-799180015
1096946706
-1449321880
-16214563
-7857600
282236799
467955437
880561355
-2054173918
176073329
-1058000574
1530649453
-1007115246
1838011003
-1526158884
-2012585488
-2036047807
1230737061
1971780690
479381215
-1327099484
-2052369330
-1906529161
1377523876
214597167
740619854
1441128619
924025679
443325507
-368190886
-823331474
1973460630
2125521508
295018668
-937740747
135993372
1060724270
777200099
662425473
-2017624587
-1341143415
-487004377
1836273196
-2049233559
-1516110565
-48856944
769605637
-385046024
-1501515010
-651272760
1027000735
1645994142
-216587086
-1682043666
331236710
140172120
-242343595
-716110915
795688946
515090662
8114449
-1366010131
1464296863
40402129
-1222316331
669254617
-1243728548
-1368962129
-181704378
-1540312991
96111811
-226203739
-791568648
1537672465
248144234
555999532
-507991592
1299187074
-1730135176
806465560
-1183617555
1534331648
-1307097734
113567958
-1431347393
-847231636
-1043856009
1699381749
-1773194474
348710500
-1226370239
-1478988313
316862567
1002461856
-1536663538
-472773369
1504449419
-1965148770
349627206
-267174946
1544796466
125219713
553238685
-605584991
-664533866
678294838
291322724
-362339586
1140143347
1805671128
-920188132
592190743
-1357767115
9150549
-16587444
-85111602
450820339
123379793
141381780
154027587
-20398692
-1724915382
-1318054655
-1760124774
1353875183
-39235332
-666575455
1286322689
1551464368
-866528762
-1366827174
416561136
465551256
-711229492
300783863
-1413691470
-914826356
1189596319
839647363
1839850277
-860709614
-1307517413
284733914
-1466262083
784860416
780782544
-1904020868
-824394290
-103604875
1587651620
-488005980
334669322
-1609695475
-2106631304
1398428569
1680855879
-350063281
493554056
-1316459709
-1569131899
-1637157270
-594339561
-444621568
-1360997585
-1742806495
398609866
1858033592
1420540321
-1366344702
1405469780
-454481618
-556345878
389567709
-770682669
169723545
-1076239662
-658499724
1624956793
-825652622
-1070255842
-1774195601
156744558
-1587905649
1472111378
347367826
-744955915
-915984015
-1010541514
-765706191
-282609715
779037145
-1337710243
913514210
374271705
1808950176
-1058872094
-1924367756
-822265342
791106248
1329552180
-1398967776
959592796
-1594654259
1945138069
-1392229634
-967518073
-1556319167
238461214
1137639098
-2132487849
2058067607
1751441414
-1981122169
1592734903
-2024175810
1015399203
771597138
2110266826
-419339023
-234531409
1866776635
-1995836590
-1533030835
-1435445937
-1073531840
66902869
-1097576797
350849105
2023347771
-1450228483
629601295
-2047331275
-1296368114
-1238192960
-1865405751
-1069352850
-971718117
780009152
-500008518
2055180649
945625082
933837683
-409275310
-1944565810
2033372262
1644970630
-1080658536
-728100859
-503216521
-2080053250
2037840002
1046912507
172378646
54966176
-838491770
-2087882459
611659180
1574505107
-430748304
-1201988412
1318598428
-2127670461
218282358
-1302441877
1187681267
1057604487
679778441
-1869192002
-164454178
-1818840827
-613471763
1517777019
-1471122341
-1201185835
-660593397
-1951651394
1604182195
1397160804
611389061
-1572989056
-1764220633
-1205520998
-1070380405
1481693024
1595582057
-518036417
1252687980
304446374
1635104333
-1056027494
-57597072
1894204804
-31272256
574958939
-1399048988
-1424801890
-282846216
-1231468870
540054389
-933200693
1195057645
362234079
1582132161
-1322844387
-470361849
-2076306300
1448386091
-190870754
-379607528
-856860200
1569926638
-1909003428
1254339980
-1867570778
-1980166796
-590125016
-577433122
585350326
395369448
-2020378727
-865194675
-1613228685
-163747831
-1904678441
1080611535
-600473651
-1890841535
585373077
-1187073466
-2134629536
1405630454
-1074345761
1080687601
31941589
-697452002
-30473707
-1947222236
-1496454264
199008537
-1274694346
1508180027
-406504341
-762657862
-1889656478
425376204
-1749357783
1998342054
-1521059175
392969499
-2131498866
2056108257
-1210913848
1391371730
-358318811
858752677
-1641532154
905401585
1520032546
-786695818
1490774554
1566222082
1842375298
130938482
-1547659968
1520654737
-757058704
-502258707
505037356
-1072278565
-337966358
-1461632195
1777874255
2136852165
-389126748
-228338735
-2093755560
-1649289201
-220924628
-524528760
1464663293
-620475191
1338143566
-484265921
-1303223558
941090565
-231325767
1386266284
2116851289
1354984141
1200075746
-2126460310
961763572
2133556823
-20360920
319591252
1416163896
1639831927
407776568
493767701
-1146123221
191592532
-1913700174
-930451969
1577639087
860276062
-133923828
1346532892
-1217356025
-1316622721
-2082486602
-453124222
-1259953766
2067323280
-1932112769
1079504619
734358519
-821728242
46578998
-861527164
1389281561
187963917
919691924
422863109
1879540203
-1954418580
-2099171239
1834034945
1209054222
1120702025
-923585868
-1558877826
-767315752
-1929395785
-570687769
-579281208
-1800159072
-403457106
1612778026
352114306
-1533565384
157683522
586549968
407170557
784457402
-1004081128
-1798518872
1268135372
955685255
-1304992747
942143909
-794125161
-598037364
-332637097
1514677185
-1999654097
-349763385
-1292506776
-1915517667
-1557848605
-327126263
-949420368
2097711468
-1052752111
-1056209667
-572688084
1677482898
-1564465409
-2049885592
-1021747875
-681738617
1169503467
1502121650
769491074
1900843137
1533990240
916319908
485953800
39558226
1216403914
-627473806
-134434239
182885646
-387390131
-1374579716
1477779284
2130581488
1466223313
1332122960
-2121234060
1195831421
-1366804383
173706099
-1107483308
297851626
1680950197
1869472097
871537626
-124317510
-1847546867
-200808623
-984133102
1362439083
1601430847
403800636
1369291877
-988525870
1460420627
-754135136
1453797642
911402500
-1177566258
-635649664
-472060485
376173432
-488272628
-971245904
-1360575316
-746044502
1507378642
-586001586
-1820973896
321861505
-1263891741
-1454563949
252539101
902444211
-1249095086
39166667
1106959082
1472232552
-574511272
1698605217
2126656886
-651737059
-943632537
-1568592224
-2069335788
-1369681717
463154303
-198884362
-1479231292
144647240
-1960218433
2004612474
-1795006037
-1742738196
2095642430
108763119
926261766
-146763914
2109593115
1176498826
-426753188
321864497
681999826
-180089423
1065534451
1590691922
1890646481
-1568429563
1416207236
-1403215708
1923819082
-1139891294
-798124239
-159846810
-1841303734
-1170684507
-998670154
-1795957389
1723919626
154456558
1434879199
575355555
805106053
1745994022
832834873
663428465
1484348234
251494147
1446445324
-762853411
695026067
-180312374
1228382599
16457875
-751121003
-1533344747
-537627331
-1476580531
1813271833
-740238378
726922960
-1797184651
2067794507
1916092827
989199083
418848013
457594065
1329462547
1764819317
-280211501
226764831
1467073488
-1997085182
-2138935137
928770825
-1503016115
258974605
662224144
-1311456103
-131336397
-1798299804
-1207460505
-1323212254
1173563351
1709059939
-507903822
1065650836
1599040775
1760710500
427677484
-677702894
-573562618
291158517
553078499
-361232191
-200921132
973789260
-1900497253
-143055901
-523432271
1874673015
-1839518990
193386531
-1850923036
-765615913
-1601015356
-724265422
-1827488072
1492356046
1880664016
1550520978
1866502087
-241324361
1324655771
1628415408
764785018
-340193002
308820116
213457208
-1489864497
72257808
-654202504
-1342998876
-998218147
-1349229027
1209929975
-1969640682
-1663213675
754490107
-2099215976
-1201335192
-1897220023
553956069
-1703143975
-1220523136
822399090
-658903548
-722645607
-565461016
-428848595
-1341595354
-1306436166
-2074609507
-1290396666
-109395
-967813630
-1669165530
-713555079
1416273609
758726977
-1528811032
-1055188043
-1016599319
-1019370567
-420522312
1396612259
511127662
1498151865
288640690
-728693211
1278386849
-2057361270
102298184
1559640994
-1777331225
1834146703
-1690884963
244667330
-1231259085
1126922151
-1093220077
-208854922
1295872699
317850326
-1260585438
-233131206
1411164910
-785707485
-1846300309
-1511169634
-961780572
1207547843
-661790452
521670146
-1032615529
-294769802
-1059185099
-1211647840
-1279065583
-477018832
-1206246149
-840721202
735920870
464861692
-1916822164
624647812
-1724627291
1420651293
1950046691
-1104409572
-2081331702
185452406
-560617828
-1142097831
473809846
-2118885589
-1545896310
-1992183637
-1141293279
-337244793
69581159
1113494447
-1778834737
191978783
-543389939
-878588932
-1194917439
-1780938184
-421082108
781890332
225146926
-1749432475
-614845605
1710612696
1264042866
-625661836
1161431483
-1115395400
1681679686
845535114
-727697992
704190409
-1932900814
377452685
-7544470
1415482528
1430195007
1165942465
1112451388
-1544178785
-982215953
1786083509
-1472306173
-161749642
-550056591
600118880
1055316050
1439471084
1981965328
-296784506
-1369312500
1078626527
-645798931
-1561395104
473584441
-1531391095
835084269
-1991947653
-2085011683
-861131260
-1147945484
-851159073
-327788922
-280930033
-1255660718
311962228
260019813
449682450
325661821
1148621217
-1849327200
-1123377313
291052544
-811444170
-1730116826
330245818
-1033859917
-1982272373
318889283
-1099272165
-856018132
1672472297
355711541
265304753
-618706315
39457320
-1993264642
1583331882
-1751365633
-870196584
1868061051
-785384911
-428879147
920733476
-154816843
-66030024
-1983546860
295559348
-288786826
1024780663
1749081754
-2081346605
-1092821217
-2135975117
-211467268
-313747310
1581644984
-1049777341
-1187988291
632425643
1073148489
-426958129
1774282173
-1083675672
-215622553
970771803
-1404148497
1338360517
1256214801
1976704515
489004879
-627116204
1068927164
-658397945
66738706
-897112992
-876116821
-303375990
2111847198
1443300053
-1405565308
282082198
1813077180
1637287262
12152096
-1889463709
-548050805
1303186000
190433954
-1140176167
-1966412361
1238943686
100517834
-31966638
389244523
-1208461812
-532567925
-987018845
-1124753277
-2025817024
1443759578
1075694684
236027270
-1133862090
-711913272
1759086671
1031486931
1158976156
404779730
-1317031601
-704394471
-964928418
-1243062408
-1137812167
-883509748
92609099
-1115575541
-1579502536
586013525
1704419832
-271451445
-2040045245
1550181321
-2017815836
2067161649
1955792618
-274852899
1769104092
1344930184
-1546470318
247537241
1170099361
-1566606911
-1998006658
-1308889524
-1873886009
660425096
407405007
1434623039
1977506015
-1189451886
-480579635
-1076690259
-1965351720
2132389432
-1346167513
1361552818
-1922102622
1943530569
-1911983112
1829036545
263993363
1598664475
-1947677109
1593153307
1561069326
1784879587
-368403231
-81018691
922661858
1651859014
1167603249
772584345
12248559
1737665071
-1209822801
-1443368631
1542661774
48406243
1506407249
336775040
143745586
-1109482159
1905740622
382873218
1379325898
453948334
1901678120
-291530027
1891703402
-380348351
-1392670483
-1584613832
-789903063
224075131
-1283066440
-1714080812
975888716
379755338
-1588341634
-1154665551
-1789079901
-402142802
-1153381370
-405935765
-1227121101
-604477301
-1757767879
-619087324
-459311339
-1546350399
-141180261
264914364
-401293923
-1917861255
-24101351
1446055743
-1042578243
1290011841
935642884
-1085753185
-1648217685
503245403
568094301
2057143714
1700017601
2126090194
-472137901
1383143965
1635779237
1680467661
-214087159
576956258
1046846633
493675175
-354183525
1014889718
-1718521996
-51488194
990430306
1711239303
285034721
-1620266230
-1074636425
1410191644
-1167352281
-1289508494
-2070673802
932501902
-1924169927
-1939158438
-676044156
-1970940362
-810165138
-2067172864
-2116885614
1988063719
382403172
256599048
-130115870
-1863262690
534868002
-436317996
1119968713
2051721848
1301113724
-1708008423
1429975735
268689251
800782267
-661063506
-1983301004
727560216
1406800508
-1526420057
-490297940
1681020872
-174630184
-866281310
-1164597587
2128754197
-1219131707
-2147303072
-2122055826
1107066563
-1644279109
17404567
1560734674
-1833660241
1544001434
222563333
-1496552402
1105283071
-571190582
1353679304
-231197688
-1251819622
-983176029
-180388628
-335920862
379467226
1900443919
-568487610
-439787850
1569130624
-1612108178
-1817166721
-2144593662
463928296
226062009
541598323
-1176574714
1929855357
2079244009
1802779323
-804355957
-50400914
-1002549095
686998408
680119911
1409477537
1089012202
1765674418
-679562497
1960727527
-1970341978
-770607600
-645286643
-1367728783
-31443545
-1640751095
2031642275
2127387011
1540610425
-1298381461
2006637168
-1627964057
1686494014
1691823995
-402609856
-350284893
984971474
1489972556
1690454985
-2084205459
1667018543
332012372
-1468019549
-252305057
595289617
1292914747
155850392
-1686208410
397881820
2069168886
-331586786
943534592
-568668227
-839483884
-1117811424
-721949018
2098118672
1807594584
388582404
-667068538
-2141805823
187304583
-1719297303
769459828
326450037
1808755329
175689776
-222549726
1519598634
-501615722
239937854
-1669588081
-31243492
-1741956078
1797705343
-422857283
-62937302
-994093031
365485
-929873754
-211485703
1564449210
2045507665
-1850325392
-151621608
2145992253
1196895370
-970608161
-1255708315
1593031871
984358412
-1213206262
163054510
197831169
-470167189
-1666969775
-1347922533
1786176892
-1716417639
2033711758
1742774218
1858405303
-486961235
-1544460407
-905262533
-1078490659
-179866395
-1387001423
-507784211
-5714295
-163882770
-1475407351
1792153801
1500091364
-226135454
336537952
-824733249
31895282
-13383791
1400461765
814052142
464605224
-866251389
-1746494664
-1132933751
-1419067071
1526854461
-1753286748
-453110730
-87184303
1547853123
1074690572
215199417
555499546
-1839180450
-1457693435
-1071515631
1012647325
-202591585
146287716
-437694366
-600081676
740146595
-1339306441
621618387
-284309666
-1071360745
-1849383176
153948601
941104283
-988785026
1977568511
-1561623819
-1779492486
-729002191
2005696312
1867740825
-1663450705
1018476967
921785110
688211409
-846209302
818891510
883412423
-840132608
-648749276
-1175776103
1022581929
197125161
1655817275
129662579
-1629495045
2125210768
-1020921663
-2021368556
161039063
-1365925728
-347070960
1360635962
1823784800
-1702825713
562898849
1284609433
-1375443401
1699062335
1948080029
929438686
-1272939982
2094930151
1019474100
-257482255
1599711567
1690213618
1037021486
1117445754
-25014298
1305980583
684157759
-1870255193
2032941854
1787169289
-690532706
968872747
1625005729
-1544225664
131118936
1138628233
-444124781
396226744
391615968
-1795295343
46704319
-925215544
234210411
421004587
1369437203
-634700137
-1501700742
38711379
-1579213490
-1372818822
78407608
-1738642077
-1384417801
-1486966750
-1181783291
-283630184
-363032944
709847477
1781121746
1397931214
873480459
-1251849927
-1370963537
1095282574
-246509443
-1495062471
232258081
-2094854838
-1599123439
-615686750
-77053768
1791185638
-1214331586
85951981
945568609
2062674298
1170061628
996223362
-1283583496
-902869674
1621929395
510780763
48698401
-1061019322
1879648437
1645214184
2136696920
-595807722
-1302377490
-234986446
2127108165
-212292008
-515822822
311485762
-2034561452
447747684
-2015849034
1105632195
-1283073915
1069983903
861882362
-1878912026
922567808
2143768064
456439557
494399877
1189030124
227363536
-1509430182
1348180107
957411328
-1698089040
1845437579
-1750894702
-678250663
-1265760544
774776115
-1397434163
820254990
-1051551299
-1555595736
-1285464793
-1329335807
-2076661109
-1618728463
1352566188
301316471
1865551476
-780123787
1642196776
-2125709845
531207121
1854060277
-527227891
-303899874
535101607
-1382986692
1219373209
795573618
917108083
-653182956
-1916787400
587794040
-150489046
1942499068
-400960730
-1231886649
-272356486
991478551
329879384
-1164443377
1560966742
-1634709658
-1532414052
977545837
-337764431
-208936391
-362138114
-1767056384
1304273544
1310513890
676093550
507439547
-1475625434
-2052247892
1318224543
-900705668
1988560547
-1083274997
-1970151375
24542557
646674861
-1851868396
501730577
376600650
1783765898
-731959761
-1322039776
-292942892
874438749
-695972342
1854293010
272480323
562914727
2040339920
1688009368
-239538191
1395736592
-1346212710
874997185
-430234923
-1262034585
-1430233819
-1504458339
-1987219618
1384012519
1713648837
1032783907
335678594
-1061584964
-270293606
-245763756
347586837
-651482172
1022494720
1382085023
-1846739874
719172249
1936406347
787858055
1960010726
-1098728753
1514341812
1071710594
1049488019
231672186
971209613
1417400612
-1693399818
-674692622
-1995221572
828369021
1209781984
1830346201
-1725859994
-788613954
-1728235973
47571293
1525236457
-950636254
1548975894
-264499270
-955314672
738613515
484652289
-1737874430
1578313089
-26126230
1124457882
1291833888
1003295610
2024857188
-159580056
493917210
-188211780
504346162
1372411879
962561941
-1374343482
-1965094328
1576239075
-23257186
-659186106
-1812597320
-662391543
-1247301978
-1543140148
776882137
1013152186
1578896590
2109982400
-650682845
1062810658
1066655333
-306158954
-104712099
-1570563703
2135113390
1444580927
983051001
278002408
125817574
-494321694
-1163930690
-297679169
678922628
1890696652
-1528154969
-1855531995
-1862432318
-464899676
-543418101
-520336608
1740117852
183876322
1680222461
-562020810
1080192663
-2136296319
-1151316235
102713668
-2105418620
1967858162
440619951
-1174746739
924686213
-2111670444
-230304686
1611793173
2113739792
427503842
286258901
1510459183
-1997991502
1722936748
-393510754
1065578581
-1733886889
-1991048822
1888236395
-1870313673
1143487944
-47533492
-1868131211
-1980521194
1122577268
989828150
-779517486
-1792579759
343154
1563539883
-1953416678
2022934591
-1605266490
-1005017
445692493
-1794313920
-1558222110
157635698
658019828
99932686
1599873136
1380741138
-1823429243
-338081448
-572723378
-833551872
1768711947
-700151151
-1040150055
1279129759
-1592308474
-1817334524
1672566126
-602336535
-903281
1661558827
91644462
2074642155
-1390976064
-358891199
1189821184
-1408754829
-1600250542
-1734283754
-203376165
-871782138
1266474630
1701540129
-86307771
2120758807
512952905
-520824101
1322546198
1871979126
-661543790
684596298
1751437441
-1605233146
1007463694
-870156581
-303418540
130918067
1735720959
-883354251
827262590
878438818
173334881
621716170
-523336238
1295606697
203920974
-1277071121
-1226796791
-330167040
2076618914
1159726638
-1602086387
484006969
1089335522
-1592581349
-1197493388
-43807635
-1509891495
-409365020
1606157130
563122871
1699452292
-396529939
1749294611
-1687390490
346692783
-1840289124
-694153713
1185940333
454602463
-477191056
-1607595329
1934098590
2003342578
-424679592
2050696360
-1070043369
-1804319483
-709284030
-2114688682
-279677572
-403746795
-748998671
-327695453
-1130695322
-1147861528
1228666131
584850488
-1936524390
-12389587
-1413288046
-1787003308
-1023246467
2075827682
-1979186134
340411596
705504711
-208133131
-1601409221
-1012493486
1483733623
1489084462
1753059807
-2038194183
124409350
40728907
-256967617
1670549752
-986488353
-249823380
-495302366
2085286573
450818061
2093153201
1888001734
1575291365
-1148478923
-63957471
-1452087053
103843418
-2116068409
-443468339
-1318903732
-322610820
796334960
-715112652
-1112395033
-995838604
323016658
-1260268311
690184736
-952338331
-419468425
-1438843278
-2145965654
2066420
-2068702206
2083248499
924648422
-722870006
696871079
-257705716
-1393778825
2129616856
683002844
1523931006
-935044586
952140827
2079614032
-540279276
-1414261598
-528435808
92846364
-335755456
-1439124358
-440546038
-2037248712
1166368515
-2130844145
-1372527405
-392301009
418112914
1373697204
-1664305520
423701014
925358134
2024328120
-2114058120
630896826
-2049563533
-141265739
658960166
-1053481960
-872887956
1344448298
-1683626082
-486798319
-1597723771
1879719239
-574222963
-1959501474
1158053450
1099211272
-49942060
835736512
-1261311857
378047621
255251783
1549234044
-994294057
-777741177
-1362211919
-1322344954
-971591687
1913564254
-1470067941
-1030554116
-21946368
-1401558031
517598029
693487189
1693117779
-59565803
-1873651307
1033283802
376630293
743663906
-1581398842
1570596820
425452494
-1750075453
-1972845181
-943025402
978336586
1645006606
23135933
1336057821
-2114322751
-891822892
316486265
-696921883
1700963383
-1798215367
-1431279914
1364893823
-1017105883
-714284410
-1760463026
525837009
442215513
978457149
2092858939
-1896541443
1880550170
85200749
-1626766691
826113940
-690601841
1488224840
1944270362
750275148
-1565224864
2128547058
-104526011
1415573233
1965997469
489811355
1806451746
-1337899623
-1638034721
-626643505
-1033148182
915420187
-1323071316
863695628
-89082102
802259649
-335147489
-2077440876
544948337
-1635727300
-1983891512
322624133
-73821429
-1382768424
-1793656624
-754333146
-110063480
-1062034192
1230326369
173286274
-1359905183
403165859
-833034940
797889595
1720881691
-674144569
-1837207093
1135633303
-2121433651
-1544740579
541479408
1747409886
-1512324896
1367871430
-277255746
1807578344
1805697302
-1753973258
