-1892218563
1556187131
1284572332
1983983861
989775019
963237584
-2112430358
727540767
-1899855144
-258934119
1198451353
881211755
1935296516
737438055
39775062
-1045348473
1831140726
250473882
109755903
1442165280
2045662585
-404663403
-450427309
-1982742341
696282023
854245040
443978452
1602023109
1903732073
2129189234
1113561844
1031266536
-1335126339
-537045761
1653881712
1169894303
-1562644678
223439823
-1164192522
-873728244
-498814128
1788042144
-1899941619
1813416968
-1816705580
-1686304083
1422102837
1390157436
-1533934148
-670872544
-1234760627
-654153490
-790854618
-1110411324
-656220620
-1406603938
1814206110
1990478078
-151876173
1985015635
-1015559776
-1772209923
2017004698
-1155368144
-236914853
1578551344
-1980549592
1974079179
804914872
520055544
-1259778129
-1192249537
1351227033
1057492383
-916099208
444708865
236493157
230974343
-1511068189
1025118001
-1648745276
-923109978
652821715
1009216306
1098119591
954672177
-432602808
-1535679108
755075210
1943834519
820489036
-876013904
1521972733
447323312
-1207842797
-974366740
267641695
-1434908618
1592285789
-1954331296
-247201811
-120996493
669877535
-1715415519
308487674
705258556
-2070268831
-321348291
1438124159
1047878173
1162670185
-1786705906
1714992342
-361395499
2035302169
-1104499245
1441164482
-890774524
-676644971
61113468
1855888562
168435746
-1208669144
-401731900
-1961987514
1377551539
1402965608
-1955211387
-1637165294
112177080
2042065303
-57422265
862376865
1882849384
861032268
1928616217
704552636
99395360
334492242
-1008586844
-397550357
-1146025833
1096133583
-508931204
1628165179
205267029
805648040
1119271353
-1699702719
-182593947
-692851420
-1867417146
-520981921
-880575415
-900909873
-257190536
528157253
1869653293
-2024455008
-513823135
1957171898
531680607
-1020286627
-178635674
1042513564
-302545665
975121470
1230379407
1666941477
1741427186
873136080
1286960926
-1549605777
-2126988004
879712028
1609338850
591815993
-1459274035
-1482831096
-1540052020
1416379115
1590099579
852767228
-1640806206
-497095465
-796321358
-873017913
-1683325773
943001025
1266247240
1126495172
268756203
450599585
2015814612
841847608
-706693465
580977062
-223260577
-1235534338
-907885332
1975195006
1225839708
912627557
-296513644
1277325524
1889008085
718294361
-191516760
-1849553382
2000773863
954073024
-89770763
-2036197497
1753084784
1639954982
-1530083111
-509529245
-682663418
-418389093
-1213552035
-1715482494
1002857514
1295108315
-2110466168
-1204472051
-1078269508
1914512559
-485033998
448684424
1493703602
-2052109677
1992416406
-971841009
1039995396
907138969
-1941853972
-999532574
642675946
560008589
1009056055
-1076807388
652508489
-2084946856
1467980315
-878971681
-1130100630
-1199776343
-1566005902
-1597787829
822653676
-183548207
-922937249
-319018417
-2041499908
1025643758
-638765406
35025992
-1755428414
-226773173
-1389605075
-110844152
-730311650
789036039
-650136072
1249817888
-1187650925
-713309452
-1641871599
1978069858
-1409673085
-1650574656
1116014326
250680481
-869272932
1666796634
1988211750
2100731322
1556825234
1569101966
-1074569739
-653257256
-68198898
822520818
1002296480
1882879730
-232355099
-796832507
-367786336
-1404788072
1117053581
-547747692
-1427529918
735633135
759438028
-1590255521
952597111
246587386
-598912591
86720508
475202024
1783701786
-2021588280
-562390020
1598408525
259756759
2004654984
186015563
-476844033
-1363943200
-1407163632
-202470692
-1202371125
-1073654704
709863698
853846917
-1427242744
-1723034062
-183472113
404884007
355573739
-635775417
-977336636
-2099365359
-1978966247
-871491066
-1185069853
-359290459
1457334141
-647170077
1431068422
1401297212
-1048640165
-1772862764
-1489271328
641801287
-1227457371
-1571198448
2047132853
-863827786
362696333
2005700889
-153824501
2139027612
-1989376933
-315251715
-695087711
-1279868397
-1131555969
681044951
-29357408
-25163428
-1859473687
280749980
-245138160
-1882861237
-1264871016
1140288787
-1840292979
1772629473
-1340633487
1927829029
-918749638
1167195450
557879633
-719962538
-1424087052
-1653159255
-524305051
-608955245
-676450614
107560993
-27040584
256017709
-158812243
31246806
-431549171
559972389
1682176355
-1695854557
313955822
757555114
1576516289
-1490932818
268055557
709128927
-629571559
-723011639
-1957958231
31060192
136944624
-155375845
-1038461765
206411782
1270093556
951484031
330774963
348880234
182690604
1320999467
853373941
648532136
1708396145
-1127390956
-1889903767
976394212
-743118820
1353288337
-270743734
1849468946
-299610624
-728524226
-776690116
2042453361
1244992666
654079522
1298891684
-906176425
1068678791
-642368748
-724595148
-1113669068
-781650123
-2037304487
-695209020
1210441424
1666942173
1300173714
-165501336
877194711
-1724455504
-1145921068
832102078
703963287
386993232
1508911896
-1282871417
-2023315449
605351809
-1532663083
-1299628424
1065230090
-2127896288
1889913067
992048722
182834421
-2141527981
366088643
30688816
-779404210
1539660545
-473887565
-499826145
-819658282
2011304580
-974089050
-752633613
1674350538
461117341
-614656261
1081906008
295043428
-472051288
-1965581138
-1524461529
-306885976
-200719088
407945653
1046311418
-546858916
1712393476
1641103020
-393874942
-993776553
-1533821846
-1958811469
-570586089
-569886210
64690708
2023181206
-1177651184
1462077195
-1531581391
-449363409
-398367660
362009744
-2102704379
777597192
-1904491087
31544379
-1568173348
-311834812
-267202453
1233038811
-253788869
-831690306
-743674216
-1039705821
1093945689
-1783714702
1334364074
